24  39  33
5  7  26
9
5  6  26
9
5  9  25
9
5  8  25
9
5  7  25
9
5  6  25
9
5  5  25
9
5  4  25
9
5  10  24
9
5  9  24
9
5  8  24
9
5  7  24
9
5  6  24
9
5  5  24
9
5  4  24
9
5  10  23
9
5  9  23
9
5  8  23
9
5  7  23
9
5  6  23
9
5  5  23
9
5  4  23
9
5  9  22
9
5  8  22
9
5  7  22
9
5  6  22
9
5  5  22
9
5  9  21
9
5  8  21
9
5  7  21
9
5  6  21
9
5  5  21
1
5  9  20
5
5  8  20
9
5  7  20
1
5  6  20
1
5  5  20
1
5  9  19
1
5  8  19
1
5  7  19
1
5  6  19
1
5  9  18
1
5  8  18
1
5  7  18
1
5  6  18
1
5  8  17
1
5  7  17
1
6  12  26
9
6  11  26
9
6  10  26
9
6  9  26
9
6  8  26
9
6  7  26
9
6  6  26
9
6  5  26
9
6  14  25
9
6  13  25
9
6  12  25
9
6  11  25
9
6  10  25
9
6  9  25
9
6  8  25
9
6  7  25
9
6  6  25
9
6  5  25
1
6  4  25
9
6  3  25
9
6  15  24
9
6  14  24
9
6  13  24
9
6  12  24
9
6  11  24
9
6  10  24
9
6  9  24
9
6  8  24
NULL
6  7  24
NULL
6  6  24
NULL
6  5  24
NULL
6  4  24
9
6  3  24
9
6  15  23
9
6  14  23
9
6  13  23
9
6  12  23
9
6  11  23
9
6  10  23
9
6  9  23
9
6  8  23
NULL
6  7  23
NULL
6  6  23
NULL
6  5  23
9
6  4  23
9
6  14  22
9
6  13  22
9
6  12  22
9
6  11  22
9
6  10  22
9
6  9  22
9
6  8  22
NULL
6  7  22
NULL
6  6  22
NULL
6  5  22
9
6  4  22
9
6  14  21
9
6  13  21
1
6  12  21
1
6  11  21
1
6  10  21
1
6  9  21
9
6  8  21
NULL
6  7  21
NULL
6  6  21
NULL
6  5  21
1
6  4  21
9
6  13  20
5
6  12  20
5
6  11  20
5
6  10  20
5
6  9  20
5
6  8  20
NULL
6  7  20
NULL
6  6  20
1
6  5  20
1
6  4  20
9
6  13  19
5
6  12  19
5
6  11  19
5
6  10  19
5
6  9  19
1
6  8  19
NULL
6  7  19
NULL
6  6  19
1
6  5  19
1
6  4  19
9
6  13  18
1
6  12  18
1
6  11  18
5
6  10  18
5
6  9  18
1
6  8  18
1
6  7  18
1
6  6  18
1
6  5  18
1
6  4  18
9
6  13  17
1
6  12  17
1
6  11  17
1
6  10  17
1
6  9  17
1
6  8  17
1
6  7  17
1
6  6  17
1
6  5  17
9
6  4  17
9
6  13  16
1
6  12  16
1
6  11  16
9
6  10  16
9
6  9  16
1
6  8  16
9
6  7  16
9
6  6  16
1
6  5  16
9
6  12  15
9
6  11  15
9
6  10  15
9
6  9  15
9
6  8  15
9
6  7  15
9
6  6  15
9
6  5  15
9
6  12  14
9
6  11  14
9
6  10  14
9
6  9  14
9
6  8  14
9
6  7  14
9
6  6  14
9
6  5  14
9
6  12  13
9
6  11  13
9
6  10  13
9
6  9  13
1
6  8  13
9
6  7  13
9
6  6  13
9
6  5  13
9
6  12  12
9
6  11  12
1
6  10  12
1
6  9  12
1
6  8  12
9
6  7  12
9
6  6  12
9
6  12  11
1
6  11  11
1
6  10  11
1
6  9  11
1
6  8  11
1
6  7  11
1
6  6  11
1
6  11  10
1
6  10  10
1
6  9  10
1
7  17  26
9
7  16  26
9
7  15  26
9
7  14  26
9
7  13  26
9
7  12  26
9
7  11  26
9
7  10  26
9
7  9  26
9
7  8  26
9
7  7  26
9
7  6  26
9
7  5  26
9
7  18  25
9
7  17  25
9
7  16  25
9
7  15  25
9
7  14  25
9
7  13  25
9
7  12  25
9
7  11  25
NULL
7  10  25
NULL
7  9  25
NULL
7  8  25
NULL
7  7  25
NULL
7  6  25
NULL
7  5  25
9
7  4  25
9
7  3  25
9
7  19  24
9
7  18  24
9
7  17  24
9
7  16  24
9
7  15  24
9
7  14  24
9
7  13  24
NULL
7  12  24
NULL
7  11  24
NULL
7  10  24
NULL
7  9  24
NULL
7  8  24
NULL
7  7  24
NULL
7  6  24
NULL
7  5  24
NULL
7  4  24
9
7  3  24
9
7  19  23
9
7  18  23
9
7  17  23
9
7  16  23
9
7  15  23
9
7  14  23
9
7  13  23
NULL
7  12  23
NULL
7  11  23
NULL
7  10  23
NULL
7  9  23
NULL
7  8  23
NULL
7  7  23
NULL
7  6  23
NULL
7  5  23
NULL
7  4  23
9
7  3  23
9
7  19  22
9
7  18  22
9
7  17  22
9
7  16  22
9
7  15  22
9
7  14  22
9
7  13  22
NULL
7  12  22
NULL
7  11  22
NULL
7  10  22
NULL
7  9  22
NULL
7  8  22
NULL
7  7  22
NULL
7  6  22
NULL
7  5  22
NULL
7  4  22
9
7  3  22
9
7  17  21
1
7  16  21
9
7  15  21
1
7  14  21
1
7  13  21
1
7  12  21
NULL
7  11  21
NULL
7  10  21
NULL
7  9  21
NULL
7  8  21
NULL
7  7  21
NULL
7  6  21
NULL
7  5  21
NULL
7  4  21
1
7  17  20
1
7  16  20
1
7  15  20
1
7  14  20
1
7  13  20
1
7  12  20
NULL
7  11  20
NULL
7  10  20
NULL
7  9  20
NULL
7  8  20
NULL
7  7  20
NULL
7  6  20
NULL
7  5  20
NULL
7  4  20
1
7  17  19
5
7  16  19
1
7  15  19
1
7  14  19
1
7  13  19
5
7  12  19
NULL
7  11  19
NULL
7  10  19
NULL
7  9  19
NULL
7  8  19
NULL
7  7  19
NULL
7  6  19
NULL
7  5  19
NULL
7  4  19
1
7  17  18
1
7  16  18
1
7  15  18
1
7  14  18
1
7  13  18
1
7  12  18
NULL
7  11  18
NULL
7  10  18
NULL
7  9  18
NULL
7  8  18
NULL
7  7  18
NULL
7  6  18
NULL
7  5  18
NULL
7  4  18
1
7  17  17
1
7  16  17
1
7  15  17
1
7  14  17
1
7  13  17
1
7  12  17
NULL
7  11  17
NULL
7  10  17
NULL
7  9  17
NULL
7  8  17
NULL
7  7  17
NULL
7  6  17
NULL
7  5  17
9
7  4  17
1
7  16  16
9
7  15  16
9
7  14  16
9
7  13  16
1
7  12  16
9
7  11  16
NULL
7  10  16
NULL
7  9  16
NULL
7  8  16
NULL
7  7  16
NULL
7  6  16
NULL
7  5  16
9
7  4  16
1
7  16  15
9
7  15  15
9
7  14  15
9
7  13  15
9
7  12  15
9
7  11  15
NULL
7  10  15
NULL
7  9  15
NULL
7  8  15
NULL
7  7  15
NULL
7  6  15
NULL
7  5  15
9
7  4  15
9
7  16  14
9
7  15  14
9
7  14  14
9
7  13  14
9
7  12  14
9
7  11  14
NULL
7  10  14
NULL
7  9  14
NULL
7  8  14
NULL
7  7  14
NULL
7  6  14
NULL
7  5  14
9
7  4  14
9
7  16  13
1
7  15  13
1
7  14  13
1
7  13  13
9
7  12  13
9
7  11  13
NULL
7  10  13
NULL
7  9  13
NULL
7  8  13
NULL
7  7  13
NULL
7  6  13
9
7  5  13
9
7  4  13
9
7  16  12
1
7  15  12
1
7  14  12
1
7  13  12
1
7  12  12
1
7  11  12
NULL
7  10  12
NULL
7  9  12
NULL
7  8  12
NULL
7  7  12
NULL
7  6  12
9
7  5  12
9
7  4  12
9
7  16  11
1
7  15  11
1
7  14  11
1
7  13  11
1
7  12  11
1
7  11  11
1
7  10  11
NULL
7  9  11
1
7  8  11
1
7  7  11
1
7  6  11
1
7  5  11
1
7  16  10
1
7  15  10
1
7  14  10
1
7  13  10
1
7  12  10
1
7  11  10
1
7  10  10
1
7  9  10
1
7  8  10
1
7  7  10
1
7  6  10
1
7  5  10
1
7  12  9
1
7  11  9
1
7  10  9
1
7  9  9
1
7  8  9
1
8  18  27
9
8  17  27
9
8  21  26
9
8  20  26
9
8  19  26
9
8  18  26
9
8  17  26
9
8  16  26
9
8  15  26
9
8  14  26
9
8  13  26
9
8  12  26
9
8  11  26
9
8  10  26
9
8  9  26
9
8  8  26
9
8  7  26
9
8  6  26
9
8  5  26
9
8  4  26
9
8  22  25
9
8  21  25
9
8  20  25
9
8  19  25
9
8  18  25
9
8  17  25
9
8  16  25
NULL
8  15  25
NULL
8  14  25
NULL
8  13  25
NULL
8  12  25
NULL
8  11  25
NULL
8  10  25
NULL
8  9  25
NULL
8  8  25
NULL
8  7  25
NULL
8  6  25
NULL
8  5  25
9
8  4  25
9
8  3  25
9
8  22  24
9
8  21  24
9
8  20  24
9
8  19  24
9
8  18  24
9
8  17  24
NULL
8  16  24
NULL
8  15  24
NULL
8  14  24
NULL
8  13  24
NULL
8  12  24
NULL
8  11  24
NULL
8  10  24
NULL
8  9  24
NULL
8  8  24
NULL
8  7  24
NULL
8  6  24
NULL
8  5  24
NULL
8  4  24
NULL
8  3  24
9
8  22  23
9
8  21  23
9
8  20  23
9
8  19  23
9
8  18  23
NULL
8  17  23
NULL
8  16  23
NULL
8  15  23
NULL
8  14  23
NULL
8  13  23
NULL
8  12  23
NULL
8  11  23
NULL
8  10  23
NULL
8  9  23
NULL
8  8  23
NULL
8  7  23
NULL
8  6  23
NULL
8  5  23
NULL
8  4  23
NULL
8  3  23
9
8  21  22
9
8  20  22
9
8  19  22
9
8  18  22
9
8  17  22
9
8  16  22
NULL
8  15  22
NULL
8  14  22
NULL
8  13  22
NULL
8  12  22
NULL
8  11  22
NULL
8  10  22
NULL
8  9  22
NULL
8  8  22
NULL
8  7  22
NULL
8  6  22
NULL
8  5  22
NULL
8  4  22
9
8  3  22
9
8  21  21
1
8  20  21
1
8  19  21
1
8  18  21
1
8  17  21
1
8  16  21
NULL
8  15  21
NULL
8  14  21
NULL
8  13  21
NULL
8  12  21
NULL
8  11  21
NULL
8  10  21
NULL
8  9  21
NULL
8  8  21
NULL
8  7  21
NULL
8  6  21
NULL
8  5  21
NULL
8  4  21
1
8  3  21
1
8  21  20
5
8  20  20
5
8  19  20
5
8  18  20
5
8  17  20
5
8  16  20
NULL
8  15  20
NULL
8  14  20
NULL
8  13  20
NULL
8  12  20
NULL
8  11  20
NULL
8  10  20
NULL
8  9  20
NULL
8  8  20
NULL
8  7  20
NULL
8  6  20
NULL
8  5  20
NULL
8  4  20
1
8  3  20
1
8  21  19
5
8  20  19
5
8  19  19
5
8  18  19
5
8  17  19
5
8  16  19
NULL
8  15  19
NULL
8  14  19
NULL
8  13  19
NULL
8  12  19
NULL
8  11  19
NULL
8  10  19
NULL
8  9  19
NULL
8  8  19
NULL
8  7  19
NULL
8  6  19
NULL
8  5  19
NULL
8  4  19
1
8  3  19
1
8  21  18
5
8  20  18
5
8  19  18
5
8  18  18
1
8  17  18
1
8  16  18
NULL
8  15  18
NULL
8  14  18
NULL
8  13  18
NULL
8  12  18
NULL
8  11  18
NULL
8  10  18
NULL
8  9  18
NULL
8  8  18
NULL
8  7  18
NULL
8  6  18
NULL
8  5  18
NULL
8  4  18
1
8  3  18
1
8  20  17
9
8  19  17
1
8  18  17
9
8  17  17
1
8  16  17
9
8  15  17
NULL
8  14  17
NULL
8  13  17
NULL
8  12  17
NULL
8  11  17
NULL
8  10  17
NULL
8  9  17
NULL
8  8  17
NULL
8  7  17
NULL
8  6  17
NULL
8  5  17
NULL
8  4  17
1
8  20  16
9
8  19  16
9
8  18  16
9
8  17  16
9
8  16  16
9
8  15  16
NULL
8  14  16
NULL
8  13  16
NULL
8  12  16
NULL
8  11  16
NULL
8  10  16
NULL
8  9  16
NULL
8  8  16
NULL
8  7  16
NULL
8  6  16
NULL
8  5  16
NULL
8  4  16
1
8  20  15
9
8  19  15
9
8  18  15
9
8  17  15
9
8  16  15
9
8  15  15
NULL
8  14  15
NULL
8  13  15
NULL
8  12  15
NULL
8  11  15
NULL
8  10  15
NULL
8  9  15
NULL
8  8  15
NULL
8  7  15
NULL
8  6  15
NULL
8  5  15
NULL
8  4  15
9
8  21  14
9
8  20  14
9
8  19  14
9
8  18  14
9
8  17  14
9
8  16  14
9
8  15  14
NULL
8  14  14
NULL
8  13  14
NULL
8  12  14
NULL
8  11  14
NULL
8  10  14
NULL
8  9  14
NULL
8  8  14
NULL
8  7  14
NULL
8  6  14
NULL
8  5  14
NULL
8  4  14
9
8  21  13
9
8  20  13
9
8  19  13
1
8  18  13
9
8  17  13
9
8  16  13
9
8  15  13
NULL
8  14  13
NULL
8  13  13
NULL
8  12  13
NULL
8  11  13
NULL
8  10  13
NULL
8  9  13
NULL
8  8  13
NULL
8  7  13
NULL
8  6  13
NULL
8  5  13
NULL
8  4  13
9
8  21  12
1
8  20  12
1
8  19  12
1
8  18  12
1
8  17  12
1
8  16  12
1
8  15  12
NULL
8  14  12
NULL
8  13  12
NULL
8  12  12
NULL
8  11  12
NULL
8  10  12
NULL
8  9  12
NULL
8  8  12
NULL
8  7  12
NULL
8  6  12
NULL
8  5  12
1
8  4  12
1
8  20  11
1
8  19  11
1
8  18  11
1
8  17  11
1
8  16  11
1
8  15  11
NULL
8  14  11
NULL
8  13  11
NULL
8  12  11
NULL
8  11  11
NULL
8  10  11
NULL
8  9  11
NULL
8  8  11
NULL
8  7  11
NULL
8  6  11
NULL
8  5  11
1
8  4  11
1
8  20  10
1
8  19  10
1
8  18  10
1
8  17  10
1
8  16  10
1
8  15  10
1
8  14  10
1
8  13  10
1
8  12  10
1
8  11  10
NULL
8  10  10
NULL
8  9  10
NULL
8  8  10
1
8  7  10
1
8  6  10
1
8  5  10
1
8  20  9
5
8  19  9
5
8  18  9
1
8  17  9
5
8  16  9
5
8  15  9
1
8  14  9
1
8  13  9
1
8  12  9
1
8  11  9
1
8  10  9
1
8  9  9
1
8  8  9
1
8  7  9
1
8  6  9
1
8  19  8
5
8  18  8
5
8  17  8
5
8  16  8
5
8  15  8
5
8  14  8
5
8  18  7
5
8  17  7
5
8  16  7
5
8  15  7
5
9  21  27
9
9  20  27
9
9  19  27
9
9  18  27
9
9  17  27
9
9  16  27
9
9  15  27
9
9  14  27
9
9  25  26
9
9  24  26
9
9  23  26
9
9  22  26
9
9  21  26
9
9  20  26
9
9  19  26
9
9  18  26
9
9  17  26
9
9  16  26
9
9  15  26
9
9  14  26
9
9  13  26
9
9  12  26
9
9  11  26
9
9  10  26
9
9  9  26
9
9  8  26
9
9  7  26
9
9  6  26
9
9  5  26
9
9  4  26
9
9  26  25
9
9  25  25
9
9  24  25
9
9  23  25
9
9  22  25
9
9  21  25
9
9  20  25
NULL
9  19  25
NULL
9  18  25
NULL
9  17  25
NULL
9  16  25
NULL
9  15  25
NULL
9  14  25
NULL
9  13  25
NULL
9  12  25
NULL
9  11  25
NULL
9  10  25
NULL
9  9  25
NULL
9  8  25
NULL
9  7  25
NULL
9  6  25
NULL
9  5  25
NULL
9  4  25
9
9  3  25
9
9  26  24
9
9  25  24
9
9  24  24
9
9  23  24
9
9  22  24
9
9  21  24
NULL
9  20  24
NULL
9  19  24
NULL
9  18  24
NULL
9  17  24
NULL
9  16  24
NULL
9  15  24
NULL
9  14  24
NULL
9  13  24
NULL
9  12  24
NULL
9  11  24
NULL
9  10  24
NULL
9  9  24
NULL
9  8  24
NULL
9  7  24
NULL
9  6  24
NULL
9  5  24
NULL
9  4  24
NULL
9  3  24
9
9  25  23
9
9  24  23
9
9  23  23
9
9  22  23
9
9  21  23
9
9  20  23
NULL
9  19  23
NULL
9  18  23
NULL
9  17  23
NULL
9  16  23
NULL
9  15  23
NULL
9  14  23
NULL
9  13  23
NULL
9  12  23
NULL
9  11  23
NULL
9  10  23
NULL
9  9  23
NULL
9  8  23
NULL
9  7  23
NULL
9  6  23
NULL
9  5  23
NULL
9  4  23
NULL
9  3  23
9
9  25  22
9
9  24  22
9
9  23  22
9
9  22  22
9
9  21  22
9
9  20  22
NULL
9  19  22
NULL
9  18  22
NULL
9  17  22
NULL
9  16  22
NULL
9  15  22
NULL
9  14  22
NULL
9  13  22
NULL
9  12  22
NULL
9  11  22
NULL
9  10  22
NULL
9  9  22
NULL
9  8  22
NULL
9  7  22
NULL
9  6  22
NULL
9  5  22
NULL
9  4  22
NULL
9  3  22
1
9  24  21
1
9  23  21
1
9  22  21
1
9  21  21
1
9  20  21
1
9  19  21
NULL
9  18  21
NULL
9  17  21
NULL
9  16  21
NULL
9  15  21
NULL
9  14  21
NULL
9  13  21
NULL
9  12  21
NULL
9  11  21
NULL
9  10  21
NULL
9  9  21
NULL
9  8  21
NULL
9  7  21
NULL
9  6  21
NULL
9  5  21
NULL
9  4  21
1
9  3  21
1
9  24  20
1
9  23  20
1
9  22  20
1
9  21  20
1
9  20  20
5
9  19  20
NULL
9  18  20
NULL
9  17  20
NULL
9  16  20
NULL
9  15  20
NULL
9  14  20
NULL
9  13  20
NULL
9  12  20
NULL
9  11  20
NULL
9  10  20
NULL
9  9  20
NULL
9  8  20
NULL
9  7  20
NULL
9  6  20
NULL
9  5  20
NULL
9  4  20
1
9  3  20
1
9  24  19
1
9  23  19
1
9  22  19
1
9  21  19
5
9  20  19
NULL
9  19  19
NULL
9  18  19
NULL
9  17  19
NULL
9  16  19
NULL
9  15  19
NULL
9  14  19
NULL
9  13  19
NULL
9  12  19
NULL
9  11  19
NULL
9  10  19
NULL
9  9  19
NULL
9  8  19
NULL
9  7  19
NULL
9  6  19
NULL
9  5  19
NULL
9  4  19
NULL
9  3  19
1
9  24  18
1
9  23  18
1
9  22  18
1
9  21  18
1
9  20  18
5
9  19  18
NULL
9  18  18
NULL
9  17  18
NULL
9  16  18
NULL
9  15  18
NULL
9  14  18
NULL
9  13  18
NULL
9  12  18
NULL
9  11  18
NULL
9  10  18
NULL
9  9  18
NULL
9  8  18
NULL
9  7  18
NULL
9  6  18
NULL
9  5  18
NULL
9  4  18
1
9  3  18
1
9  24  17
1
9  23  17
9
9  22  17
1
9  21  17
1
9  20  17
9
9  19  17
NULL
9  18  17
NULL
9  17  17
NULL
9  16  17
NULL
9  15  17
NULL
9  14  17
NULL
9  13  17
NULL
9  12  17
NULL
9  11  17
NULL
9  10  17
NULL
9  9  17
NULL
9  8  17
NULL
9  7  17
NULL
9  6  17
NULL
9  5  17
NULL
9  4  17
1
9  3  17
1
9  24  16
9
9  23  16
9
9  22  16
9
9  21  16
9
9  20  16
9
9  19  16
NULL
9  18  16
NULL
9  17  16
NULL
9  16  16
NULL
9  15  16
NULL
9  14  16
NULL
9  13  16
NULL
9  12  16
NULL
9  11  16
NULL
9  10  16
NULL
9  9  16
NULL
9  8  16
NULL
9  7  16
NULL
9  6  16
NULL
9  5  16
NULL
9  4  16
1
9  3  16
1
9  24  15
9
9  23  15
9
9  22  15
9
9  21  15
9
9  20  15
9
9  19  15
NULL
9  18  15
NULL
9  17  15
NULL
9  16  15
NULL
9  15  15
NULL
9  14  15
NULL
9  13  15
NULL
9  12  15
NULL
9  11  15
NULL
9  10  15
NULL
9  9  15
NULL
9  8  15
NULL
9  7  15
NULL
9  6  15
NULL
9  5  15
NULL
9  4  15
9
9  24  14
9
9  23  14
9
9  22  14
9
9  21  14
9
9  20  14
9
9  19  14
NULL
9  18  14
NULL
9  17  14
NULL
9  16  14
NULL
9  15  14
NULL
9  14  14
NULL
9  13  14
NULL
9  12  14
NULL
9  11  14
NULL
9  10  14
NULL
9  9  14
NULL
9  8  14
NULL
9  7  14
NULL
9  6  14
NULL
9  5  14
NULL
9  4  14
9
9  3  14
9
9  24  13
1
9  23  13
1
9  22  13
1
9  21  13
9
9  20  13
NULL
9  19  13
NULL
9  18  13
NULL
9  17  13
NULL
9  16  13
NULL
9  15  13
NULL
9  14  13
NULL
9  13  13
NULL
9  12  13
NULL
9  11  13
NULL
9  10  13
NULL
9  9  13
NULL
9  8  13
NULL
9  7  13
NULL
9  6  13
NULL
9  5  13
NULL
9  4  13
9
9  3  13
9
9  24  12
1
9  23  12
1
9  22  12
1
9  21  12
1
9  20  12
1
9  19  12
NULL
9  18  12
NULL
9  17  12
NULL
9  16  12
NULL
9  15  12
NULL
9  14  12
NULL
9  13  12
NULL
9  12  12
NULL
9  11  12
NULL
9  10  12
NULL
9  9  12
NULL
9  8  12
NULL
9  7  12
NULL
9  6  12
NULL
9  5  12
NULL
9  4  12
1
9  24  11
1
9  23  11
1
9  22  11
1
9  21  11
1
9  20  11
1
9  19  11
NULL
9  18  11
NULL
9  17  11
NULL
9  16  11
NULL
9  15  11
NULL
9  14  11
NULL
9  13  11
NULL
9  12  11
NULL
9  11  11
NULL
9  10  11
NULL
9  9  11
NULL
9  8  11
NULL
9  7  11
NULL
9  6  11
NULL
9  5  11
1
9  4  11
1
9  24  10
1
9  23  10
1
9  22  10
1
9  21  10
1
9  20  10
1
9  19  10
NULL
9  18  10
NULL
9  17  10
NULL
9  16  10
NULL
9  15  10
NULL
9  14  10
NULL
9  13  10
NULL
9  12  10
NULL
9  11  10
NULL
9  10  10
NULL
9  9  10
NULL
9  8  10
NULL
9  7  10
NULL
9  6  10
1
9  5  10
1
9  21  9
1
9  20  9
5
9  19  9
5
9  18  9
NULL
9  17  9
NULL
9  16  9
NULL
9  15  9
NULL
9  14  9
5
9  13  9
1
9  12  9
1
9  11  9
1
9  10  9
1
9  9  9
1
9  8  9
1
9  7  9
1
9  6  9
1
9  21  8
5
9  20  8
5
9  19  8
5
9  18  8
5
9  17  8
NULL
9  16  8
NULL
9  15  8
5
9  14  8
5
9  13  8
1
9  12  8
1
9  11  8
1
9  21  7
5
9  20  7
5
9  19  7
5
9  18  7
5
9  17  7
5
9  16  7
5
9  15  7
5
9  14  7
5
9  13  7
5
9  20  6
5
9  19  6
5
9  18  6
5
9  17  6
5
9  16  6
5
9  15  6
5
9  14  6
5
9  18  5
5
9  17  5
5
9  16  5
5
10  27  27
9
10  26  27
9
10  25  27
9
10  24  27
9
10  23  27
9
10  21  27
9
10  20  27
9
10  19  27
9
10  18  27
9
10  17  27
9
10  16  27
9
10  15  27
9
10  14  27
9
10  13  27
9
10  29  26
9
10  28  26
9
10  27  26
9
10  26  26
9
10  25  26
9
10  24  26
9
10  23  26
9
10  22  26
9
10  21  26
9
10  20  26
NULL
10  19  26
NULL
10  18  26
NULL
10  17  26
NULL
10  16  26
NULL
10  15  26
NULL
10  14  26
9
10  13  26
9
10  12  26
9
10  11  26
9
10  10  26
9
10  9  26
9
10  8  26
9
10  7  26
9
10  6  26
9
10  5  26
9
10  4  26
9
10  30  25
9
10  29  25
9
10  28  25
9
10  27  25
9
10  26  25
9
10  25  25
9
10  24  25
NULL
10  23  25
NULL
10  22  25
NULL
10  21  25
NULL
10  20  25
NULL
10  19  25
NULL
10  18  25
NULL
10  17  25
NULL
10  16  25
NULL
10  15  25
NULL
10  14  25
NULL
10  13  25
NULL
10  12  25
NULL
10  11  25
NULL
10  10  25
NULL
10  9  25
NULL
10  8  25
NULL
10  7  25
NULL
10  6  25
NULL
10  5  25
NULL
10  4  25
9
10  3  25
9
10  30  24
9
10  29  24
9
10  28  24
9
10  27  24
9
10  26  24
9
10  25  24
9
10  24  24
NULL
10  23  24
NULL
10  22  24
NULL
10  21  24
NULL
10  20  24
NULL
10  19  24
NULL
10  18  24
NULL
10  17  24
NULL
10  16  24
NULL
10  15  24
NULL
10  14  24
NULL
10  13  24
NULL
10  12  24
NULL
10  11  24
NULL
10  10  24
NULL
10  9  24
NULL
10  8  24
NULL
10  7  24
NULL
10  6  24
NULL
10  5  24
NULL
10  4  24
NULL
10  3  24
9
10  29  23
9
10  28  23
9
10  27  23
9
10  26  23
9
10  25  23
9
10  24  23
NULL
10  23  23
NULL
10  22  23
NULL
10  21  23
NULL
10  20  23
NULL
10  19  23
NULL
10  18  23
NULL
10  17  23
NULL
10  16  23
NULL
10  15  23
NULL
10  14  23
NULL
10  13  23
NULL
10  12  23
NULL
10  11  23
NULL
10  10  23
NULL
10  9  23
NULL
10  8  23
NULL
10  7  23
NULL
10  6  23
NULL
10  5  23
NULL
10  4  23
NULL
10  3  23
9
10  29  22
9
10  28  22
1
10  27  22
9
10  26  22
1
10  25  22
9
10  24  22
9
10  23  22
NULL
10  22  22
NULL
10  21  22
NULL
10  20  22
NULL
10  19  22
NULL
10  18  22
NULL
10  17  22
NULL
10  16  22
NULL
10  15  22
NULL
10  14  22
NULL
10  13  22
NULL
10  12  22
NULL
10  11  22
NULL
10  10  22
NULL
10  9  22
NULL
10  8  22
NULL
10  7  22
NULL
10  6  22
NULL
10  5  22
NULL
10  4  22
NULL
10  3  22
9
10  28  21
1
10  27  21
1
10  26  21
1
10  25  21
1
10  24  21
1
10  23  21
NULL
10  22  21
NULL
10  21  21
NULL
10  20  21
NULL
10  19  21
NULL
10  18  21
NULL
10  17  21
NULL
10  16  21
NULL
10  15  21
NULL
10  14  21
NULL
10  13  21
NULL
10  12  21
NULL
10  11  21
NULL
10  10  21
NULL
10  9  21
NULL
10  8  21
NULL
10  7  21
NULL
10  6  21
NULL
10  5  21
NULL
10  4  21
NULL
10  3  21
1
10  27  20
5
10  26  20
5
10  25  20
5
10  24  20
1
10  23  20
NULL
10  22  20
NULL
10  21  20
NULL
10  20  20
NULL
10  19  20
NULL
10  18  20
NULL
10  17  20
NULL
10  16  20
NULL
10  15  20
NULL
10  14  20
NULL
10  13  20
NULL
10  12  20
NULL
10  11  20
NULL
10  10  20
NULL
10  9  20
NULL
10  8  20
NULL
10  7  20
NULL
10  6  20
NULL
10  5  20
NULL
10  4  20
NULL
10  3  20
1
10  28  19
1
10  27  19
5
10  26  19
5
10  25  19
1
10  24  19
1
10  23  19
NULL
10  22  19
NULL
10  21  19
NULL
10  20  19
NULL
10  19  19
NULL
10  18  19
NULL
10  17  19
NULL
10  16  19
NULL
10  15  19
NULL
10  14  19
NULL
10  13  19
NULL
10  12  19
NULL
10  11  19
NULL
10  10  19
NULL
10  9  19
NULL
10  8  19
NULL
10  7  19
NULL
10  6  19
NULL
10  5  19
NULL
10  4  19
NULL
10  3  19
1
10  28  18
1
10  27  18
1
10  26  18
1
10  25  18
1
10  24  18
1
10  23  18
NULL
10  22  18
NULL
10  21  18
NULL
10  20  18
NULL
10  19  18
NULL
10  18  18
NULL
10  17  18
NULL
10  16  18
NULL
10  15  18
NULL
10  14  18
NULL
10  13  18
NULL
10  12  18
NULL
10  11  18
NULL
10  10  18
NULL
10  9  18
NULL
10  8  18
NULL
10  7  18
NULL
10  6  18
NULL
10  5  18
NULL
10  4  18
NULL
10  3  18
1
10  28  17
1
10  27  17
9
10  26  17
9
10  25  17
1
10  24  17
1
10  23  17
NULL
10  22  17
NULL
10  21  17
NULL
10  20  17
NULL
10  19  17
NULL
10  18  17
NULL
10  17  17
NULL
10  16  17
NULL
10  15  17
NULL
10  14  17
NULL
10  13  17
NULL
10  12  17
NULL
10  11  17
NULL
10  10  17
NULL
10  9  17
NULL
10  8  17
NULL
10  7  17
NULL
10  6  17
NULL
10  5  17
NULL
10  4  17
NULL
10  3  17
1
10  27  16
9
10  26  16
9
10  25  16
9
10  24  16
9
10  23  16
NULL
10  22  16
NULL
10  21  16
NULL
10  20  16
NULL
10  19  16
NULL
10  18  16
NULL
10  17  16
NULL
10  16  16
NULL
10  15  16
NULL
10  14  16
NULL
10  13  16
NULL
10  12  16
NULL
10  11  16
NULL
10  10  16
NULL
10  9  16
NULL
10  8  16
NULL
10  7  16
NULL
10  6  16
NULL
10  5  16
NULL
10  4  16
1
10  3  16
1
10  27  15
9
10  26  15
9
10  25  15
9
10  24  15
9
10  23  15
9
10  22  15
NULL
10  21  15
NULL
10  20  15
NULL
10  19  15
NULL
10  18  15
NULL
10  17  15
NULL
10  16  15
NULL
10  15  15
NULL
10  14  15
NULL
10  13  15
NULL
10  12  15
NULL
10  11  15
NULL
10  10  15
NULL
10  9  15
NULL
10  8  15
NULL
10  7  15
NULL
10  6  15
NULL
10  5  15
NULL
10  4  15
9
10  3  15
9
10  27  14
9
10  26  14
9
10  25  14
9
10  24  14
9
10  23  14
NULL
10  22  14
NULL
10  21  14
NULL
10  20  14
NULL
10  19  14
NULL
10  18  14
NULL
10  17  14
NULL
10  16  14
NULL
10  15  14
NULL
10  14  14
NULL
10  13  14
NULL
10  12  14
NULL
10  11  14
NULL
10  10  14
NULL
10  9  14
NULL
10  8  14
NULL
10  7  14
NULL
10  6  14
NULL
10  5  14
NULL
10  4  14
9
10  3  14
9
10  27  13
1
10  26  13
1
10  25  13
9
10  24  13
1
10  23  13
NULL
10  22  13
NULL
10  21  13
NULL
10  20  13
NULL
10  19  13
NULL
10  18  13
NULL
10  17  13
NULL
10  16  13
NULL
10  15  13
NULL
10  14  13
NULL
10  13  13
NULL
10  12  13
NULL
10  11  13
NULL
10  10  13
NULL
10  9  13
NULL
10  8  13
NULL
10  7  13
NULL
10  6  13
NULL
10  5  13
NULL
10  4  13
9
10  3  13
9
10  27  12
1
10  26  12
1
10  25  12
1
10  24  12
1
10  23  12
NULL
10  22  12
NULL
10  21  12
NULL
10  20  12
NULL
10  19  12
NULL
10  18  12
NULL
10  17  12
NULL
10  16  12
NULL
10  15  12
NULL
10  14  12
NULL
10  13  12
NULL
10  12  12
NULL
10  11  12
NULL
10  10  12
NULL
10  9  12
NULL
10  8  12
NULL
10  7  12
NULL
10  6  12
NULL
10  5  12
NULL
10  4  12
1
10  26  11
1
10  25  11
1
10  24  11
1
10  23  11
NULL
10  22  11
NULL
10  21  11
NULL
10  20  11
NULL
10  19  11
NULL
10  18  11
NULL
10  17  11
NULL
10  16  11
NULL
10  15  11
NULL
10  14  11
NULL
10  13  11
NULL
10  12  11
NULL
10  11  11
NULL
10  10  11
NULL
10  9  11
NULL
10  8  11
NULL
10  7  11
NULL
10  6  11
NULL
10  5  11
1
10  4  11
1
10  26  10
1
10  25  10
1
10  24  10
1
10  23  10
1
10  22  10
1
10  21  10
1
10  20  10
NULL
10  19  10
NULL
10  18  10
NULL
10  17  10
NULL
10  16  10
NULL
10  15  10
NULL
10  14  10
NULL
10  13  10
NULL
10  12  10
NULL
10  11  10
NULL
10  10  10
NULL
10  9  10
NULL
10  8  10
NULL
10  7  10
1
10  6  10
1
10  5  10
1
10  24  9
1
10  23  9
1
10  22  9
1
10  21  9
5
10  20  9
NULL
10  19  9
NULL
10  18  9
NULL
10  17  9
NULL
10  16  9
NULL
10  15  9
NULL
10  14  9
NULL
10  13  9
NULL
10  12  9
NULL
10  11  9
1
10  10  9
1
10  9  9
1
10  8  9
1
10  7  9
1
10  6  9
1
10  22  8
5
10  21  8
5
10  20  8
NULL
10  19  8
NULL
10  18  8
NULL
10  17  8
NULL
10  16  8
NULL
10  15  8
NULL
10  14  8
NULL
10  13  8
5
10  12  8
5
10  11  8
1
10  10  8
1
10  21  7
5
10  20  7
5
10  19  7
NULL
10  18  7
NULL
10  17  7
NULL
10  16  7
NULL
10  15  7
NULL
10  14  7
5
10  13  7
5
10  12  7
5
10  21  6
5
10  20  6
5
10  19  6
5
10  18  6
5
10  17  6
NULL
10  16  6
5
10  15  6
5
10  14  6
5
10  13  6
5
10  20  5
5
10  19  5
5
10  18  5
5
10  17  5
5
10  16  5
5
10  15  5
5
10  19  4
5
10  18  4
5
10  17  4
5
10  16  4
5
11  32  27
9
11  31  27
9
11  30  27
9
11  29  27
9
11  28  27
9
11  27  27
9
11  26  27
9
11  25  27
9
11  24  27
9
11  23  27
9
11  22  27
9
11  21  27
9
11  20  27
9
11  19  27
9
11  18  27
9
11  17  27
9
11  16  27
9
11  15  27
9
11  14  27
9
11  13  27
9
11  32  26
9
11  31  26
9
11  30  26
9
11  29  26
9
11  28  26
9
11  27  26
9
11  26  26
NULL
11  25  26
NULL
11  24  26
NULL
11  23  26
9
11  22  26
9
11  21  26
9
11  20  26
NULL
11  19  26
NULL
11  18  26
NULL
11  17  26
NULL
11  16  26
NULL
11  15  26
NULL
11  14  26
NULL
11  13  26
9
11  12  26
9
11  11  26
9
11  10  26
9
11  9  26
9
11  8  26
9
11  7  26
9
11  6  26
9
11  5  26
9
11  4  26
9
11  32  25
9
11  31  25
9
11  30  25
9
11  29  25
9
11  28  25
NULL
11  27  25
NULL
11  26  25
NULL
11  25  25
NULL
11  24  25
NULL
11  23  25
NULL
11  22  25
NULL
11  21  25
NULL
11  20  25
NULL
11  19  25
NULL
11  18  25
NULL
11  17  25
NULL
11  16  25
NULL
11  15  25
NULL
11  14  25
NULL
11  13  25
NULL
11  12  25
NULL
11  11  25
NULL
11  10  25
NULL
11  9  25
NULL
11  8  25
NULL
11  7  25
NULL
11  6  25
NULL
11  5  25
NULL
11  4  25
9
11  3  25
9
11  32  24
9
11  31  24
9
11  30  24
9
11  29  24
9
11  28  24
NULL
11  27  24
NULL
11  26  24
NULL
11  25  24
NULL
11  24  24
NULL
11  23  24
NULL
11  22  24
NULL
11  21  24
NULL
11  20  24
NULL
11  19  24
NULL
11  18  24
NULL
11  17  24
NULL
11  16  24
NULL
11  15  24
NULL
11  14  24
NULL
11  13  24
NULL
11  12  24
NULL
11  11  24
NULL
11  10  24
NULL
11  9  24
NULL
11  8  24
NULL
11  7  24
NULL
11  6  24
NULL
11  5  24
NULL
11  4  24
NULL
11  3  24
9
11  32  23
9
11  31  23
9
11  30  23
9
11  29  23
9
11  28  23
NULL
11  27  23
NULL
11  26  23
NULL
11  25  23
NULL
11  24  23
NULL
11  23  23
NULL
11  22  23
NULL
11  21  23
NULL
11  20  23
NULL
11  19  23
NULL
11  18  23
NULL
11  17  23
NULL
11  16  23
NULL
11  15  23
NULL
11  14  23
NULL
11  13  23
NULL
11  12  23
NULL
11  11  23
NULL
11  10  23
NULL
11  9  23
NULL
11  8  23
NULL
11  7  23
NULL
11  6  23
NULL
11  5  23
NULL
11  4  23
NULL
11  3  23
9
11  32  22
9
11  31  22
1
11  30  22
1
11  29  22
1
11  28  22
1
11  27  22
NULL
11  26  22
NULL
11  25  22
NULL
11  24  22
NULL
11  23  22
NULL
11  22  22
NULL
11  21  22
NULL
11  20  22
NULL
11  19  22
NULL
11  18  22
NULL
11  17  22
NULL
11  16  22
NULL
11  15  22
NULL
11  14  22
NULL
11  13  22
NULL
11  12  22
NULL
11  11  22
NULL
11  10  22
NULL
11  9  22
NULL
11  8  22
NULL
11  7  22
NULL
11  6  22
NULL
11  5  22
NULL
11  4  22
NULL
11  3  22
1
11  32  21
1
11  31  21
1
11  30  21
1
11  29  21
5
11  28  21
5
11  27  21
1
11  26  21
NULL
11  25  21
NULL
11  24  21
NULL
11  23  21
NULL
11  22  21
NULL
11  21  21
NULL
11  20  21
NULL
11  19  21
NULL
11  18  21
NULL
11  17  21
NULL
11  16  21
NULL
11  15  21
NULL
11  14  21
NULL
11  13  21
NULL
11  12  21
NULL
11  11  21
NULL
11  10  21
NULL
11  9  21
NULL
11  8  21
NULL
11  7  21
NULL
11  6  21
NULL
11  5  21
NULL
11  4  21
NULL
11  3  21
1
11  32  20
1
11  31  20
1
11  30  20
5
11  29  20
5
11  28  20
5
11  27  20
5
11  26  20
NULL
11  25  20
NULL
11  24  20
NULL
11  23  20
NULL
11  22  20
NULL
11  21  20
NULL
11  20  20
NULL
11  19  20
NULL
11  18  20
NULL
11  17  20
NULL
11  16  20
NULL
11  15  20
NULL
11  14  20
NULL
11  13  20
NULL
11  12  20
NULL
11  11  20
NULL
11  10  20
NULL
11  9  20
NULL
11  8  20
NULL
11  7  20
NULL
11  6  20
NULL
11  5  20
NULL
11  4  20
NULL
11  3  20
1
11  32  19
1
11  31  19
1
11  30  19
1
11  29  19
1
11  28  19
1
11  27  19
5
11  26  19
NULL
11  25  19
NULL
11  24  19
NULL
11  23  19
NULL
11  22  19
NULL
11  21  19
NULL
11  20  19
NULL
11  19  19
NULL
11  18  19
NULL
11  17  19
NULL
11  16  19
NULL
11  15  19
NULL
11  14  19
NULL
11  13  19
NULL
11  12  19
NULL
11  11  19
NULL
11  10  19
NULL
11  9  19
NULL
11  8  19
NULL
11  7  19
NULL
11  6  19
NULL
11  5  19
NULL
11  4  19
NULL
11  3  19
1
11  32  18
1
11  31  18
1
11  30  18
1
11  29  18
1
11  28  18
1
11  27  18
NULL
11  26  18
NULL
11  25  18
NULL
11  24  18
NULL
11  23  18
NULL
11  22  18
NULL
11  21  18
NULL
11  20  18
NULL
11  19  18
NULL
11  18  18
NULL
11  17  18
NULL
11  16  18
NULL
11  15  18
NULL
11  14  18
NULL
11  13  18
NULL
11  12  18
NULL
11  11  18
NULL
11  10  18
NULL
11  9  18
NULL
11  8  18
NULL
11  7  18
NULL
11  6  18
NULL
11  5  18
NULL
11  4  18
NULL
11  3  18
1
11  32  17
1
11  31  17
1
11  30  17
1
11  29  17
1
11  28  17
1
11  27  17
9
11  26  17
NULL
11  25  17
NULL
11  24  17
NULL
11  23  17
NULL
11  22  17
NULL
11  21  17
NULL
11  20  17
NULL
11  19  17
NULL
11  18  17
NULL
11  17  17
NULL
11  16  17
NULL
11  15  17
NULL
11  14  17
NULL
11  13  17
NULL
11  12  17
NULL
11  11  17
NULL
11  10  17
NULL
11  9  17
NULL
11  8  17
NULL
11  7  17
NULL
11  6  17
NULL
11  5  17
NULL
11  4  17
NULL
11  3  17
1
11  30  16
9
11  29  16
9
11  28  16
9
11  27  16
9
11  26  16
NULL
11  25  16
NULL
11  24  16
NULL
11  23  16
NULL
11  22  16
NULL
11  21  16
NULL
11  20  16
NULL
11  19  16
NULL
11  18  16
NULL
11  17  16
NULL
11  16  16
NULL
11  15  16
NULL
11  14  16
NULL
11  13  16
NULL
11  12  16
NULL
11  11  16
NULL
11  10  16
NULL
11  9  16
NULL
11  8  16
NULL
11  7  16
NULL
11  6  16
NULL
11  5  16
NULL
11  4  16
NULL
11  3  16
1
11  30  15
9
11  29  15
9
11  28  15
9
11  27  15
9
11  26  15
NULL
11  25  15
NULL
11  24  15
NULL
11  23  15
NULL
11  22  15
NULL
11  21  15
NULL
11  20  15
NULL
11  19  15
NULL
11  18  15
NULL
11  17  15
NULL
11  16  15
NULL
11  15  15
NULL
11  14  15
NULL
11  13  15
NULL
11  12  15
NULL
11  11  15
NULL
11  10  15
NULL
11  9  15
NULL
11  8  15
NULL
11  7  15
NULL
11  6  15
NULL
11  5  15
NULL
11  4  15
NULL
11  3  15
9
11  30  14
9
11  29  14
9
11  28  14
9
11  27  14
9
11  26  14
NULL
11  25  14
NULL
11  24  14
NULL
11  23  14
NULL
11  22  14
NULL
11  21  14
NULL
11  20  14
NULL
11  19  14
NULL
11  18  14
NULL
11  17  14
NULL
11  16  14
NULL
11  15  14
NULL
11  14  14
NULL
11  13  14
NULL
11  12  14
NULL
11  11  14
NULL
11  10  14
NULL
11  9  14
NULL
11  8  14
NULL
11  7  14
NULL
11  6  14
NULL
11  5  14
NULL
11  4  14
NULL
11  3  14
9
11  30  13
1
11  29  13
1
11  28  13
1
11  27  13
1
11  26  13
NULL
11  25  13
NULL
11  24  13
NULL
11  23  13
NULL
11  22  13
NULL
11  21  13
NULL
11  20  13
NULL
11  19  13
NULL
11  18  13
NULL
11  17  13
NULL
11  16  13
NULL
11  15  13
NULL
11  14  13
NULL
11  13  13
NULL
11  12  13
NULL
11  11  13
NULL
11  10  13
NULL
11  9  13
NULL
11  8  13
NULL
11  7  13
NULL
11  6  13
NULL
11  5  13
NULL
11  4  13
9
11  3  13
9
11  30  12
1
11  29  12
1
11  28  12
1
11  27  12
1
11  26  12
1
11  25  12
NULL
11  24  12
NULL
11  23  12
NULL
11  22  12
NULL
11  21  12
NULL
11  20  12
NULL
11  19  12
NULL
11  18  12
NULL
11  17  12
NULL
11  16  12
NULL
11  15  12
NULL
11  14  12
NULL
11  13  12
NULL
11  12  12
NULL
11  11  12
NULL
11  10  12
NULL
11  9  12
NULL
11  8  12
NULL
11  7  12
NULL
11  6  12
NULL
11  5  12
NULL
11  4  12
1
11  3  12
1
11  30  11
1
11  29  11
1
11  28  11
1
11  27  11
1
11  26  11
1
11  25  11
NULL
11  24  11
NULL
11  23  11
NULL
11  22  11
NULL
11  21  11
NULL
11  20  11
NULL
11  19  11
NULL
11  18  11
NULL
11  17  11
NULL
11  16  11
NULL
11  15  11
NULL
11  14  11
NULL
11  13  11
NULL
11  12  11
NULL
11  11  11
NULL
11  10  11
NULL
11  9  11
NULL
11  8  11
NULL
11  7  11
NULL
11  6  11
1
11  5  11
1
11  4  11
1
11  26  10
1
11  25  10
1
11  24  10
1
11  23  10
NULL
11  22  10
NULL
11  21  10
NULL
11  20  10
NULL
11  19  10
NULL
11  18  10
NULL
11  17  10
NULL
11  16  10
NULL
11  15  10
NULL
11  14  10
NULL
11  13  10
NULL
11  12  10
NULL
11  11  10
NULL
11  10  10
NULL
11  9  10
NULL
11  8  10
NULL
11  7  10
1
11  6  10
1
11  5  10
1
11  25  9
1
11  24  9
1
11  23  9
1
11  22  9
1
11  21  9
NULL
11  20  9
NULL
11  19  9
NULL
11  18  9
NULL
11  17  9
NULL
11  16  9
NULL
11  15  9
NULL
11  14  9
NULL
11  13  9
NULL
11  12  9
NULL
11  11  9
NULL
11  10  9
1
11  9  9
1
11  8  9
1
11  7  9
1
11  22  8
5
11  21  8
5
11  20  8
NULL
11  19  8
NULL
11  18  8
NULL
11  17  8
NULL
11  16  8
NULL
11  15  8
NULL
11  14  8
NULL
11  13  8
NULL
11  12  8
5
11  11  8
1
11  10  8
1
11  22  7
5
11  21  7
5
11  20  7
NULL
11  19  7
NULL
11  18  7
NULL
11  17  7
NULL
11  16  7
NULL
11  15  7
NULL
11  14  7
NULL
11  13  7
5
11  12  7
5
11  21  6
5
11  20  6
5
11  19  6
NULL
11  18  6
NULL
11  17  6
NULL
11  16  6
NULL
11  15  6
5
11  14  6
5
11  13  6
5
11  20  5
5
11  19  5
5
11  18  5
NULL
11  17  5
NULL
11  16  5
5
11  15  5
5
11  14  5
5
11  20  4
5
11  19  4
5
11  18  4
5
11  17  4
5
11  16  4
5
11  15  4
5
11  18  3
5
11  17  3
5
12  32  27
9
12  31  27
9
12  30  27
9
12  29  27
9
12  28  27
9
12  27  27
9
12  26  27
9
12  25  27
9
12  24  27
9
12  23  27
9
12  22  27
9
12  21  27
9
12  20  27
9
12  19  27
9
12  18  27
9
12  17  27
9
12  16  27
9
12  15  27
9
12  14  27
9
12  13  27
9
12  10  27
9
12  32  26
9
12  31  26
9
12  30  26
9
12  29  26
NULL
12  28  26
NULL
12  27  26
NULL
12  26  26
NULL
12  25  26
NULL
12  24  26
NULL
12  23  26
NULL
12  22  26
NULL
12  21  26
NULL
12  20  26
NULL
12  19  26
NULL
12  18  26
NULL
12  17  26
NULL
12  16  26
NULL
12  15  26
NULL
12  14  26
NULL
12  13  26
9
12  12  26
9
12  11  26
9
12  10  26
9
12  9  26
9
12  8  26
9
12  7  26
9
12  6  26
9
12  5  26
9
12  4  26
9
12  32  25
9
12  31  25
9
12  30  25
NULL
12  29  25
NULL
12  28  25
NULL
12  27  25
NULL
12  26  25
NULL
12  25  25
NULL
12  24  25
NULL
12  23  25
NULL
12  22  25
NULL
12  21  25
NULL
12  20  25
NULL
12  19  25
NULL
12  18  25
NULL
12  17  25
NULL
12  16  25
NULL
12  15  25
NULL
12  14  25
NULL
12  13  25
NULL
12  12  25
NULL
12  11  25
NULL
12  10  25
NULL
12  9  25
NULL
12  8  25
NULL
12  7  25
NULL
12  6  25
NULL
12  5  25
NULL
12  4  25
9
12  3  25
9
12  32  24
9
12  31  24
NULL
12  30  24
NULL
12  29  24
NULL
12  28  24
NULL
12  27  24
NULL
12  26  24
NULL
12  25  24
NULL
12  24  24
NULL
12  23  24
NULL
12  22  24
NULL
12  21  24
NULL
12  20  24
NULL
12  19  24
NULL
12  18  24
NULL
12  17  24
NULL
12  16  24
NULL
12  15  24
NULL
12  14  24
NULL
12  13  24
NULL
12  12  24
NULL
12  11  24
NULL
12  10  24
NULL
12  9  24
NULL
12  8  24
NULL
12  7  24
NULL
12  6  24
NULL
12  5  24
NULL
12  4  24
NULL
12  3  24
9
12  32  23
9
12  31  23
NULL
12  30  23
NULL
12  29  23
NULL
12  28  23
NULL
12  27  23
NULL
12  26  23
NULL
12  25  23
NULL
12  24  23
NULL
12  23  23
NULL
12  22  23
NULL
12  21  23
NULL
12  20  23
NULL
12  19  23
NULL
12  18  23
NULL
12  17  23
NULL
12  16  23
NULL
12  15  23
NULL
12  14  23
NULL
12  13  23
NULL
12  12  23
NULL
12  11  23
NULL
12  10  23
NULL
12  9  23
NULL
12  8  23
NULL
12  7  23
NULL
12  6  23
NULL
12  5  23
NULL
12  4  23
NULL
12  3  23
9
12  32  22
1
12  31  22
NULL
12  30  22
NULL
12  29  22
NULL
12  28  22
NULL
12  27  22
NULL
12  26  22
NULL
12  25  22
NULL
12  24  22
NULL
12  23  22
NULL
12  22  22
NULL
12  21  22
NULL
12  20  22
NULL
12  19  22
NULL
12  18  22
NULL
12  17  22
NULL
12  16  22
NULL
12  15  22
NULL
12  14  22
NULL
12  13  22
NULL
12  12  22
NULL
12  11  22
NULL
12  10  22
NULL
12  9  22
NULL
12  8  22
NULL
12  7  22
NULL
12  6  22
NULL
12  5  22
NULL
12  4  22
NULL
12  3  22
1
12  32  21
1
12  31  21
1
12  30  21
NULL
12  29  21
NULL
12  28  21
NULL
12  27  21
NULL
12  26  21
NULL
12  25  21
NULL
12  24  21
NULL
12  23  21
NULL
12  22  21
NULL
12  21  21
NULL
12  20  21
NULL
12  19  21
NULL
12  18  21
NULL
12  17  21
NULL
12  16  21
NULL
12  15  21
NULL
12  14  21
NULL
12  13  21
NULL
12  12  21
NULL
12  11  21
NULL
12  10  21
NULL
12  9  21
NULL
12  8  21
NULL
12  7  21
NULL
12  6  21
NULL
12  5  21
NULL
12  4  21
NULL
12  3  21
1
12  33  20
1
12  32  20
1
12  31  20
NULL
12  30  20
NULL
12  29  20
NULL
12  28  20
NULL
12  27  20
NULL
12  26  20
NULL
12  25  20
NULL
12  24  20
NULL
12  23  20
NULL
12  22  20
NULL
12  21  20
NULL
12  20  20
NULL
12  19  20
NULL
12  18  20
NULL
12  17  20
NULL
12  16  20
NULL
12  15  20
NULL
12  14  20
NULL
12  13  20
NULL
12  12  20
NULL
12  11  20
NULL
12  10  20
NULL
12  9  20
NULL
12  8  20
NULL
12  7  20
NULL
12  6  20
NULL
12  5  20
NULL
12  4  20
NULL
12  3  20
1
12  33  19
1
12  32  19
1
12  31  19
NULL
12  30  19
NULL
12  29  19
NULL
12  28  19
NULL
12  27  19
NULL
12  26  19
NULL
12  25  19
NULL
12  24  19
NULL
12  23  19
NULL
12  22  19
NULL
12  21  19
NULL
12  20  19
NULL
12  19  19
NULL
12  18  19
NULL
12  17  19
NULL
12  16  19
NULL
12  15  19
NULL
12  14  19
NULL
12  13  19
NULL
12  12  19
NULL
12  11  19
NULL
12  10  19
NULL
12  9  19
NULL
12  8  19
NULL
12  7  19
NULL
12  6  19
NULL
12  5  19
NULL
12  4  19
NULL
12  3  19
1
12  33  18
1
12  32  18
1
12  31  18
NULL
12  30  18
NULL
12  29  18
NULL
12  28  18
NULL
12  27  18
NULL
12  26  18
NULL
12  25  18
NULL
12  24  18
NULL
12  23  18
NULL
12  22  18
NULL
12  21  18
NULL
12  20  18
NULL
12  19  18
NULL
12  18  18
NULL
12  17  18
NULL
12  16  18
NULL
12  15  18
NULL
12  14  18
NULL
12  13  18
NULL
12  12  18
NULL
12  11  18
NULL
12  10  18
NULL
12  9  18
NULL
12  8  18
NULL
12  7  18
NULL
12  6  18
NULL
12  5  18
NULL
12  4  18
NULL
12  3  18
1
12  33  17
9
12  32  17
1
12  31  17
9
12  30  17
9
12  29  17
NULL
12  28  17
NULL
12  27  17
NULL
12  26  17
NULL
12  25  17
NULL
12  24  17
NULL
12  23  17
NULL
12  22  17
NULL
12  21  17
NULL
12  20  17
NULL
12  19  17
NULL
12  18  17
NULL
12  17  17
NULL
12  16  17
NULL
12  15  17
NULL
12  14  17
NULL
12  13  17
NULL
12  12  17
NULL
12  11  17
NULL
12  10  17
NULL
12  9  17
NULL
12  8  17
NULL
12  7  17
NULL
12  6  17
NULL
12  5  17
NULL
12  4  17
NULL
12  3  17
1
12  33  16
9
12  32  16
9
12  31  16
9
12  30  16
9
12  29  16
NULL
12  28  16
NULL
12  27  16
NULL
12  26  16
NULL
12  25  16
NULL
12  24  16
NULL
12  23  16
NULL
12  22  16
NULL
12  21  16
NULL
12  20  16
NULL
12  19  16
NULL
12  18  16
NULL
12  17  16
NULL
12  16  16
NULL
12  15  16
NULL
12  14  16
NULL
12  13  16
NULL
12  12  16
NULL
12  11  16
NULL
12  10  16
NULL
12  9  16
NULL
12  8  16
NULL
12  7  16
NULL
12  6  16
NULL
12  5  16
NULL
12  4  16
9
12  3  16
9
12  33  15
9
12  32  15
9
12  31  15
9
12  30  15
9
12  29  15
NULL
12  28  15
NULL
12  27  15
NULL
12  26  15
NULL
12  25  15
NULL
12  24  15
NULL
12  23  15
NULL
12  22  15
NULL
12  21  15
NULL
12  20  15
NULL
12  19  15
NULL
12  18  15
NULL
12  17  15
NULL
12  16  15
NULL
12  15  15
NULL
12  14  15
NULL
12  13  15
NULL
12  12  15
NULL
12  11  15
NULL
12  10  15
NULL
12  9  15
NULL
12  8  15
NULL
12  7  15
NULL
12  6  15
NULL
12  5  15
NULL
12  4  15
9
12  3  15
9
12  33  14
1
12  32  14
9
12  31  14
9
12  30  14
9
12  29  14
NULL
12  28  14
NULL
12  27  14
NULL
12  26  14
NULL
12  25  14
NULL
12  24  14
NULL
12  23  14
NULL
12  22  14
NULL
12  21  14
NULL
12  20  14
NULL
12  19  14
NULL
12  18  14
NULL
12  17  14
NULL
12  16  14
NULL
12  15  14
NULL
12  14  14
NULL
12  13  14
NULL
12  12  14
NULL
12  11  14
NULL
12  10  14
NULL
12  9  14
NULL
12  8  14
NULL
12  7  14
NULL
12  6  14
NULL
12  5  14
NULL
12  4  14
NULL
12  3  14
9
12  33  13
1
12  32  13
1
12  31  13
1
12  30  13
1
12  29  13
NULL
12  28  13
NULL
12  27  13
NULL
12  26  13
NULL
12  25  13
NULL
12  24  13
NULL
12  23  13
NULL
12  22  13
NULL
12  21  13
NULL
12  20  13
NULL
12  19  13
NULL
12  18  13
NULL
12  17  13
NULL
12  16  13
NULL
12  15  13
NULL
12  14  13
NULL
12  13  13
NULL
12  12  13
NULL
12  11  13
NULL
12  10  13
NULL
12  9  13
NULL
12  8  13
NULL
12  7  13
NULL
12  6  13
NULL
12  5  13
NULL
12  4  13
1
12  3  13
9
12  33  12
1
12  32  12
1
12  31  12
1
12  30  12
1
12  29  12
NULL
12  28  12
NULL
12  27  12
NULL
12  26  12
NULL
12  25  12
NULL
12  24  12
NULL
12  23  12
NULL
12  22  12
NULL
12  21  12
NULL
12  20  12
NULL
12  19  12
NULL
12  18  12
NULL
12  17  12
NULL
12  16  12
NULL
12  15  12
NULL
12  14  12
NULL
12  13  12
NULL
12  12  12
NULL
12  11  12
NULL
12  10  12
NULL
12  9  12
NULL
12  8  12
NULL
12  7  12
NULL
12  6  12
NULL
12  5  12
NULL
12  4  12
1
12  3  12
1
12  33  11
1
12  32  11
1
12  31  11
1
12  30  11
1
12  29  11
1
12  28  11
1
12  27  11
1
12  26  11
1
12  25  11
NULL
12  24  11
NULL
12  23  11
NULL
12  22  11
NULL
12  21  11
NULL
12  20  11
NULL
12  19  11
NULL
12  18  11
NULL
12  17  11
NULL
12  16  11
NULL
12  15  11
NULL
12  14  11
NULL
12  13  11
NULL
12  12  11
NULL
12  11  11
NULL
12  10  11
NULL
12  9  11
NULL
12  8  11
NULL
12  7  11
1
12  6  11
1
12  5  11
1
12  4  11
1
12  26  10
1
12  25  10
1
12  24  10
1
12  23  10
NULL
12  22  10
NULL
12  21  10
NULL
12  20  10
NULL
12  19  10
NULL
12  18  10
NULL
12  17  10
NULL
12  16  10
NULL
12  15  10
NULL
12  14  10
NULL
12  13  10
NULL
12  12  10
NULL
12  11  10
NULL
12  10  10
NULL
12  9  10
NULL
12  8  10
NULL
12  7  10
1
12  6  10
1
12  26  9
1
12  25  9
1
12  24  9
1
12  23  9
1
12  22  9
1
12  21  9
NULL
12  20  9
NULL
12  19  9
NULL
12  18  9
NULL
12  17  9
NULL
12  16  9
NULL
12  15  9
NULL
12  14  9
NULL
12  13  9
NULL
12  12  9
NULL
12  11  9
1
12  10  9
1
12  9  9
1
12  8  9
1
12  7  9
1
12  23  8
1
12  22  8
1
12  21  8
5
12  20  8
NULL
12  19  8
NULL
12  18  8
NULL
12  17  8
NULL
12  16  8
NULL
12  15  8
NULL
12  14  8
NULL
12  13  8
NULL
12  12  8
5
12  11  8
1
12  10  8
1
12  22  7
5
12  21  7
5
12  20  7
NULL
12  19  7
NULL
12  18  7
NULL
12  17  7
NULL
12  16  7
NULL
12  15  7
NULL
12  14  7
NULL
12  13  7
5
12  12  7
5
12  21  6
5
12  20  6
5
12  19  6
NULL
12  18  6
NULL
12  17  6
NULL
12  16  6
NULL
12  15  6
NULL
12  14  6
5
12  13  6
5
12  12  6
5
12  20  5
5
12  19  5
5
12  18  5
NULL
12  17  5
NULL
12  16  5
NULL
12  15  5
5
12  14  5
5
12  20  4
5
12  19  4
5
12  18  4
5
12  17  4
5
12  16  4
5
12  15  4
5
12  18  3
5
12  17  3
5
13  30  27
9
13  29  27
9
13  28  27
9
13  27  27
9
13  26  27
9
13  25  27
9
13  24  27
9
13  23  27
9
13  22  27
9
13  21  27
9
13  20  27
9
13  19  27
9
13  18  27
9
13  17  27
9
13  16  27
9
13  15  27
9
13  14  27
9
13  13  27
9
13  12  27
9
13  11  27
9
13  10  27
9
13  9  27
9
13  8  27
9
13  31  26
9
13  30  26
9
13  29  26
9
13  28  26
9
13  27  26
9
13  26  26
9
13  25  26
NULL
13  24  26
NULL
13  23  26
NULL
13  22  26
NULL
13  21  26
NULL
13  20  26
NULL
13  19  26
NULL
13  18  26
NULL
13  17  26
NULL
13  16  26
NULL
13  15  26
NULL
13  14  26
NULL
13  13  26
9
13  12  26
9
13  11  26
9
13  10  26
9
13  9  26
9
13  8  26
9
13  7  26
9
13  6  26
9
13  5  26
9
13  4  26
9
13  32  25
9
13  31  25
9
13  30  25
9
13  29  25
9
13  28  25
9
13  27  25
NULL
13  26  25
NULL
13  25  25
NULL
13  24  25
NULL
13  23  25
NULL
13  22  25
NULL
13  21  25
NULL
13  20  25
NULL
13  19  25
NULL
13  18  25
NULL
13  17  25
NULL
13  16  25
NULL
13  15  25
NULL
13  14  25
NULL
13  13  25
NULL
13  12  25
NULL
13  11  25
NULL
13  10  25
NULL
13  9  25
NULL
13  8  25
NULL
13  7  25
NULL
13  6  25
NULL
13  5  25
NULL
13  4  25
9
13  3  25
9
13  32  24
9
13  31  24
9
13  30  24
9
13  29  24
9
13  28  24
NULL
13  27  24
NULL
13  26  24
NULL
13  25  24
NULL
13  24  24
NULL
13  23  24
NULL
13  22  24
NULL
13  21  24
NULL
13  20  24
NULL
13  19  24
NULL
13  18  24
NULL
13  17  24
NULL
13  16  24
NULL
13  15  24
NULL
13  14  24
NULL
13  13  24
NULL
13  12  24
NULL
13  11  24
NULL
13  10  24
NULL
13  9  24
NULL
13  8  24
NULL
13  7  24
NULL
13  6  24
NULL
13  5  24
NULL
13  4  24
NULL
13  3  24
9
13  32  23
9
13  31  23
9
13  30  23
9
13  29  23
9
13  28  23
NULL
13  27  23
NULL
13  26  23
NULL
13  25  23
NULL
13  24  23
NULL
13  23  23
NULL
13  22  23
NULL
13  21  23
NULL
13  20  23
NULL
13  19  23
NULL
13  18  23
NULL
13  17  23
NULL
13  16  23
NULL
13  15  23
NULL
13  14  23
NULL
13  13  23
NULL
13  12  23
NULL
13  11  23
NULL
13  10  23
NULL
13  9  23
NULL
13  8  23
NULL
13  7  23
NULL
13  6  23
NULL
13  5  23
NULL
13  4  23
NULL
13  3  23
9
13  32  22
1
13  31  22
9
13  30  22
9
13  29  22
1
13  28  22
NULL
13  27  22
NULL
13  26  22
NULL
13  25  22
NULL
13  24  22
NULL
13  23  22
NULL
13  22  22
NULL
13  21  22
NULL
13  20  22
NULL
13  19  22
NULL
13  18  22
NULL
13  17  22
NULL
13  16  22
NULL
13  15  22
NULL
13  14  22
NULL
13  13  22
NULL
13  12  22
NULL
13  11  22
NULL
13  10  22
NULL
13  9  22
NULL
13  8  22
NULL
13  7  22
NULL
13  6  22
NULL
13  5  22
NULL
13  4  22
NULL
13  3  22
1
13  32  21
1
13  31  21
1
13  30  21
1
13  29  21
1
13  28  21
NULL
13  27  21
NULL
13  26  21
NULL
13  25  21
NULL
13  24  21
NULL
13  23  21
NULL
13  22  21
NULL
13  21  21
NULL
13  20  21
NULL
13  19  21
NULL
13  18  21
NULL
13  17  21
NULL
13  16  21
NULL
13  15  21
NULL
13  14  21
NULL
13  13  21
NULL
13  12  21
NULL
13  11  21
NULL
13  10  21
NULL
13  9  21
NULL
13  8  21
NULL
13  7  21
NULL
13  6  21
NULL
13  5  21
NULL
13  4  21
NULL
13  3  21
1
13  32  20
1
13  31  20
1
13  30  20
5
13  29  20
5
13  28  20
NULL
13  27  20
NULL
13  26  20
NULL
13  25  20
NULL
13  24  20
NULL
13  23  20
NULL
13  22  20
NULL
13  21  20
NULL
13  20  20
NULL
13  19  20
NULL
13  18  20
NULL
13  17  20
NULL
13  16  20
NULL
13  15  20
NULL
13  14  20
NULL
13  13  20
NULL
13  12  20
NULL
13  11  20
NULL
13  10  20
NULL
13  9  20
NULL
13  8  20
NULL
13  7  20
NULL
13  6  20
NULL
13  5  20
NULL
13  4  20
NULL
13  3  20
1
13  32  19
1
13  31  19
1
13  30  19
1
13  29  19
NULL
13  28  19
NULL
13  27  19
NULL
13  26  19
NULL
13  25  19
NULL
13  24  19
NULL
13  23  19
NULL
13  22  19
NULL
13  21  19
NULL
13  20  19
NULL
13  19  19
NULL
13  18  19
NULL
13  17  19
NULL
13  16  19
NULL
13  15  19
NULL
13  14  19
NULL
13  13  19
NULL
13  12  19
NULL
13  11  19
NULL
13  10  19
NULL
13  9  19
NULL
13  8  19
NULL
13  7  19
NULL
13  6  19
NULL
13  5  19
NULL
13  4  19
NULL
13  3  19
1
13  33  18
1
13  32  18
9
13  31  18
9
13  30  18
9
13  29  18
NULL
13  28  18
NULL
13  27  18
NULL
13  26  18
NULL
13  25  18
NULL
13  24  18
NULL
13  23  18
NULL
13  22  18
NULL
13  21  18
NULL
13  20  18
NULL
13  19  18
NULL
13  18  18
NULL
13  17  18
NULL
13  16  18
NULL
13  15  18
NULL
13  14  18
NULL
13  13  18
NULL
13  12  18
NULL
13  11  18
NULL
13  10  18
NULL
13  9  18
NULL
13  8  18
NULL
13  7  18
NULL
13  6  18
NULL
13  5  18
NULL
13  4  18
NULL
13  3  18
1
13  33  17
9
13  32  17
9
13  31  17
9
13  30  17
NULL
13  29  17
NULL
13  28  17
NULL
13  27  17
NULL
13  26  17
NULL
13  25  17
NULL
13  24  17
NULL
13  23  17
NULL
13  22  17
NULL
13  21  17
NULL
13  20  17
NULL
13  19  17
NULL
13  18  17
NULL
13  17  17
NULL
13  16  17
NULL
13  15  17
NULL
13  14  17
NULL
13  13  17
NULL
13  12  17
NULL
13  11  17
NULL
13  10  17
NULL
13  9  17
NULL
13  8  17
NULL
13  7  17
NULL
13  6  17
NULL
13  5  17
NULL
13  4  17
NULL
13  3  17
1
13  33  16
9
13  32  16
9
13  31  16
NULL
13  30  16
NULL
13  29  16
NULL
13  28  16
NULL
13  27  16
NULL
13  26  16
NULL
13  25  16
NULL
13  24  16
NULL
13  23  16
NULL
13  22  16
NULL
13  21  16
NULL
13  20  16
NULL
13  19  16
NULL
13  18  16
NULL
13  17  16
NULL
13  16  16
NULL
13  15  16
NULL
13  14  16
NULL
13  13  16
NULL
13  12  16
NULL
13  11  16
NULL
13  10  16
NULL
13  9  16
NULL
13  8  16
NULL
13  7  16
NULL
13  6  16
NULL
13  5  16
NULL
13  4  16
9
13  3  16
9
13  33  15
9
13  32  15
9
13  31  15
NULL
13  30  15
NULL
13  29  15
NULL
13  28  15
NULL
13  27  15
NULL
13  26  15
NULL
13  25  15
NULL
13  24  15
NULL
13  23  15
NULL
13  22  15
NULL
13  21  15
NULL
13  20  15
NULL
13  19  15
NULL
13  18  15
NULL
13  17  15
NULL
13  16  15
NULL
13  15  15
NULL
13  14  15
NULL
13  13  15
NULL
13  12  15
NULL
13  11  15
NULL
13  10  15
NULL
13  9  15
NULL
13  8  15
NULL
13  7  15
NULL
13  6  15
NULL
13  5  15
NULL
13  4  15
9
13  3  15
9
13  33  14
1
13  32  14
1
13  31  14
NULL
13  30  14
NULL
13  29  14
NULL
13  28  14
NULL
13  27  14
NULL
13  26  14
NULL
13  25  14
NULL
13  24  14
NULL
13  23  14
NULL
13  22  14
NULL
13  21  14
NULL
13  20  14
NULL
13  19  14
NULL
13  18  14
NULL
13  17  14
NULL
13  16  14
NULL
13  15  14
NULL
13  14  14
NULL
13  13  14
NULL
13  12  14
NULL
13  11  14
NULL
13  10  14
NULL
13  9  14
NULL
13  8  14
NULL
13  7  14
NULL
13  6  14
NULL
13  5  14
NULL
13  4  14
9
13  3  14
9
13  33  13
1
13  32  13
1
13  31  13
NULL
13  30  13
NULL
13  29  13
NULL
13  28  13
NULL
13  27  13
NULL
13  26  13
NULL
13  25  13
NULL
13  24  13
NULL
13  23  13
NULL
13  22  13
NULL
13  21  13
NULL
13  20  13
NULL
13  19  13
NULL
13  18  13
NULL
13  17  13
NULL
13  16  13
NULL
13  15  13
NULL
13  14  13
NULL
13  13  13
NULL
13  12  13
NULL
13  11  13
NULL
13  10  13
NULL
13  9  13
NULL
13  8  13
NULL
13  7  13
NULL
13  6  13
NULL
13  5  13
NULL
13  4  13
1
13  3  13
9
13  33  12
1
13  32  12
1
13  31  12
NULL
13  30  12
NULL
13  29  12
NULL
13  28  12
NULL
13  27  12
NULL
13  26  12
NULL
13  25  12
NULL
13  24  12
NULL
13  23  12
NULL
13  22  12
NULL
13  21  12
NULL
13  20  12
NULL
13  19  12
NULL
13  18  12
NULL
13  17  12
NULL
13  16  12
NULL
13  15  12
NULL
13  14  12
NULL
13  13  12
NULL
13  12  12
NULL
13  11  12
NULL
13  10  12
NULL
13  9  12
NULL
13  8  12
NULL
13  7  12
NULL
13  6  12
NULL
13  5  12
NULL
13  4  12
1
13  33  11
1
13  32  11
1
13  31  11
1
13  30  11
1
13  29  11
1
13  28  11
1
13  27  11
1
13  26  11
1
13  25  11
1
13  24  11
1
13  23  11
1
13  22  11
NULL
13  21  11
NULL
13  20  11
NULL
13  19  11
NULL
13  18  11
NULL
13  17  11
NULL
13  16  11
NULL
13  15  11
NULL
13  14  11
NULL
13  13  11
NULL
13  12  11
NULL
13  11  11
NULL
13  10  11
NULL
13  9  11
NULL
13  8  11
NULL
13  7  11
1
13  6  11
1
13  5  11
1
13  4  11
1
13  26  10
1
13  25  10
1
13  24  10
1
13  23  10
1
13  22  10
1
13  21  10
NULL
13  20  10
NULL
13  19  10
NULL
13  18  10
NULL
13  17  10
NULL
13  16  10
NULL
13  15  10
NULL
13  14  10
NULL
13  13  10
NULL
13  12  10
NULL
13  11  10
NULL
13  10  10
NULL
13  9  10
NULL
13  8  10
NULL
13  7  10
1
13  24  9
1
13  23  9
1
13  22  9
1
13  21  9
5
13  20  9
NULL
13  19  9
NULL
13  18  9
NULL
13  17  9
NULL
13  16  9
NULL
13  15  9
NULL
13  14  9
NULL
13  13  9
NULL
13  12  9
1
13  11  9
1
13  10  9
1
13  9  9
1
13  8  9
1
13  7  9
1
13  22  8
5
13  21  8
5
13  20  8
NULL
13  19  8
NULL
13  18  8
NULL
13  17  8
NULL
13  16  8
NULL
13  15  8
NULL
13  14  8
NULL
13  13  8
NULL
13  12  8
5
13  11  8
1
13  21  7
5
13  20  7
5
13  19  7
NULL
13  18  7
NULL
13  17  7
NULL
13  16  7
NULL
13  15  7
NULL
13  14  7
NULL
13  13  7
5
13  12  7
5
13  21  6
5
13  20  6
5
13  19  6
5
13  18  6
NULL
13  17  6
NULL
13  16  6
NULL
13  15  6
NULL
13  14  6
5
13  13  6
5
13  20  5
5
13  19  5
5
13  18  5
5
13  17  5
5
13  16  5
5
13  15  5
5
13  14  5
5
13  19  4
5
13  18  4
5
13  17  4
5
13  16  4
5
13  15  4
5
14  26  27
9
14  25  27
9
14  24  27
9
14  23  27
9
14  22  27
9
14  21  27
9
14  20  27
9
14  19  27
9
14  18  27
9
14  17  27
9
14  16  27
9
14  15  27
9
14  14  27
9
14  13  27
9
14  12  27
9
14  11  27
9
14  10  27
9
14  9  27
9
14  8  27
9
14  7  27
9
14  28  26
9
14  27  26
9
14  26  26
9
14  25  26
9
14  24  26
9
14  23  26
9
14  22  26
9
14  21  26
NULL
14  20  26
NULL
14  19  26
NULL
14  18  26
NULL
14  17  26
NULL
14  16  26
NULL
14  15  26
NULL
14  14  26
NULL
14  13  26
9
14  12  26
9
14  11  26
NULL
14  10  26
NULL
14  9  26
NULL
14  8  26
9
14  7  26
9
14  6  26
9
14  5  26
9
14  4  26
9
14  29  25
9
14  28  25
9
14  27  25
9
14  26  25
9
14  25  25
9
14  24  25
9
14  23  25
9
14  22  25
NULL
14  21  25
NULL
14  20  25
NULL
14  19  25
NULL
14  18  25
NULL
14  17  25
NULL
14  16  25
NULL
14  15  25
NULL
14  14  25
NULL
14  13  25
NULL
14  12  25
NULL
14  11  25
NULL
14  10  25
NULL
14  9  25
NULL
14  8  25
NULL
14  7  25
NULL
14  6  25
NULL
14  5  25
NULL
14  4  25
9
14  3  25
9
14  29  24
9
14  28  24
9
14  27  24
9
14  26  24
9
14  25  24
9
14  24  24
9
14  23  24
NULL
14  22  24
NULL
14  21  24
NULL
14  20  24
NULL
14  19  24
NULL
14  18  24
NULL
14  17  24
NULL
14  16  24
NULL
14  15  24
NULL
14  14  24
NULL
14  13  24
NULL
14  12  24
NULL
14  11  24
NULL
14  10  24
NULL
14  9  24
NULL
14  8  24
NULL
14  7  24
NULL
14  6  24
NULL
14  5  24
NULL
14  4  24
NULL
14  3  24
9
14  30  23
9
14  29  23
9
14  28  23
9
14  27  23
9
14  26  23
9
14  25  23
9
14  24  23
9
14  23  23
NULL
14  22  23
NULL
14  21  23
NULL
14  20  23
NULL
14  19  23
NULL
14  18  23
NULL
14  17  23
NULL
14  16  23
NULL
14  15  23
NULL
14  14  23
NULL
14  13  23
NULL
14  12  23
NULL
14  11  23
NULL
14  10  23
NULL
14  9  23
NULL
14  8  23
NULL
14  7  23
NULL
14  6  23
NULL
14  5  23
NULL
14  4  23
NULL
14  3  23
9
14  30  22
9
14  29  22
9
14  28  22
9
14  27  22
1
14  26  22
9
14  25  22
9
14  24  22
NULL
14  23  22
NULL
14  22  22
NULL
14  21  22
NULL
14  20  22
NULL
14  19  22
NULL
14  18  22
NULL
14  17  22
NULL
14  16  22
NULL
14  15  22
NULL
14  14  22
NULL
14  13  22
NULL
14  12  22
NULL
14  11  22
NULL
14  10  22
NULL
14  9  22
NULL
14  8  22
NULL
14  7  22
NULL
14  6  22
NULL
14  5  22
NULL
14  4  22
NULL
14  3  22
9
14  29  21
1
14  28  21
1
14  27  21
1
14  26  21
1
14  25  21
1
14  24  21
NULL
14  23  21
NULL
14  22  21
NULL
14  21  21
NULL
14  20  21
NULL
14  19  21
NULL
14  18  21
NULL
14  17  21
NULL
14  16  21
NULL
14  15  21
NULL
14  14  21
NULL
14  13  21
NULL
14  12  21
NULL
14  11  21
NULL
14  10  21
NULL
14  9  21
NULL
14  8  21
NULL
14  7  21
NULL
14  6  21
NULL
14  5  21
NULL
14  4  21
NULL
14  3  21
1
14  30  20
5
14  29  20
5
14  28  20
5
14  27  20
5
14  26  20
5
14  25  20
1
14  24  20
NULL
14  23  20
NULL
14  22  20
NULL
14  21  20
NULL
14  20  20
NULL
14  19  20
NULL
14  18  20
NULL
14  17  20
NULL
14  16  20
NULL
14  15  20
NULL
14  14  20
NULL
14  13  20
NULL
14  12  20
NULL
14  11  20
NULL
14  10  20
NULL
14  9  20
NULL
14  8  20
NULL
14  7  20
NULL
14  6  20
NULL
14  5  20
NULL
14  4  20
NULL
14  3  20
1
14  30  19
9
14  29  19
9
14  28  19
5
14  27  19
5
14  26  19
5
14  25  19
NULL
14  24  19
NULL
14  23  19
NULL
14  22  19
NULL
14  21  19
NULL
14  20  19
NULL
14  19  19
NULL
14  18  19
NULL
14  17  19
NULL
14  16  19
NULL
14  15  19
NULL
14  14  19
NULL
14  13  19
NULL
14  12  19
NULL
14  11  19
NULL
14  10  19
NULL
14  9  19
NULL
14  8  19
NULL
14  7  19
NULL
14  6  19
NULL
14  5  19
NULL
14  4  19
NULL
14  3  19
1
14  31  18
9
14  30  18
9
14  29  18
9
14  28  18
9
14  27  18
9
14  26  18
9
14  25  18
NULL
14  24  18
NULL
14  23  18
NULL
14  22  18
NULL
14  21  18
NULL
14  20  18
NULL
14  19  18
NULL
14  18  18
NULL
14  17  18
NULL
14  16  18
NULL
14  15  18
NULL
14  14  18
NULL
14  13  18
NULL
14  12  18
NULL
14  11  18
NULL
14  10  18
NULL
14  9  18
NULL
14  8  18
NULL
14  7  18
NULL
14  6  18
NULL
14  5  18
NULL
14  4  18
NULL
14  3  18
1
14  32  17
9
14  31  17
9
14  30  17
9
14  29  17
9
14  28  17
9
14  27  17
9
14  26  17
NULL
14  25  17
NULL
14  24  17
NULL
14  23  17
NULL
14  22  17
NULL
14  21  17
NULL
14  20  17
NULL
14  19  17
NULL
14  18  17
NULL
14  17  17
NULL
14  16  17
NULL
14  15  17
NULL
14  14  17
NULL
14  13  17
NULL
14  12  17
NULL
14  11  17
NULL
14  10  17
NULL
14  9  17
NULL
14  8  17
NULL
14  7  17
NULL
14  6  17
NULL
14  5  17
NULL
14  4  17
1
14  3  17
1
14  32  16
9
14  31  16
9
14  30  16
9
14  29  16
9
14  28  16
9
14  27  16
9
14  26  16
NULL
14  25  16
NULL
14  24  16
NULL
14  23  16
NULL
14  22  16
NULL
14  21  16
NULL
14  20  16
NULL
14  19  16
NULL
14  18  16
NULL
14  17  16
NULL
14  16  16
NULL
14  15  16
NULL
14  14  16
NULL
14  13  16
NULL
14  12  16
NULL
14  11  16
NULL
14  10  16
NULL
14  9  16
NULL
14  8  16
NULL
14  7  16
NULL
14  6  16
NULL
14  5  16
NULL
14  4  16
9
14  3  16
9
14  32  15
9
14  31  15
9
14  30  15
9
14  29  15
9
14  28  15
9
14  27  15
9
14  26  15
NULL
14  25  15
NULL
14  24  15
NULL
14  23  15
NULL
14  22  15
NULL
14  21  15
NULL
14  20  15
NULL
14  19  15
NULL
14  18  15
NULL
14  17  15
NULL
14  16  15
NULL
14  15  15
NULL
14  14  15
NULL
14  13  15
NULL
14  12  15
NULL
14  11  15
NULL
14  10  15
NULL
14  9  15
NULL
14  8  15
NULL
14  7  15
NULL
14  6  15
NULL
14  5  15
NULL
14  4  15
9
14  32  14
1
14  31  14
9
14  30  14
9
14  29  14
9
14  28  14
9
14  27  14
9
14  26  14
NULL
14  25  14
NULL
14  24  14
NULL
14  23  14
NULL
14  22  14
NULL
14  21  14
NULL
14  20  14
NULL
14  19  14
NULL
14  18  14
NULL
14  17  14
NULL
14  16  14
NULL
14  15  14
NULL
14  14  14
NULL
14  13  14
NULL
14  12  14
NULL
14  11  14
NULL
14  10  14
NULL
14  9  14
NULL
14  8  14
NULL
14  7  14
NULL
14  6  14
NULL
14  5  14
NULL
14  4  14
9
14  3  14
9
14  32  13
1
14  31  13
1
14  30  13
1
14  29  13
1
14  28  13
9
14  27  13
1
14  26  13
NULL
14  25  13
NULL
14  24  13
NULL
14  23  13
NULL
14  22  13
NULL
14  21  13
NULL
14  20  13
NULL
14  19  13
NULL
14  18  13
NULL
14  17  13
NULL
14  16  13
NULL
14  15  13
NULL
14  14  13
NULL
14  13  13
NULL
14  12  13
NULL
14  11  13
NULL
14  10  13
NULL
14  9  13
NULL
14  8  13
NULL
14  7  13
NULL
14  6  13
NULL
14  5  13
NULL
14  4  13
9
14  3  13
9
14  32  12
1
14  31  12
1
14  30  12
1
14  29  12
1
14  28  12
1
14  27  12
1
14  26  12
1
14  25  12
NULL
14  24  12
NULL
14  23  12
NULL
14  22  12
NULL
14  21  12
NULL
14  20  12
NULL
14  19  12
NULL
14  18  12
NULL
14  17  12
NULL
14  16  12
NULL
14  15  12
NULL
14  14  12
NULL
14  13  12
NULL
14  12  12
NULL
14  11  12
NULL
14  10  12
NULL
14  9  12
NULL
14  8  12
NULL
14  7  12
NULL
14  6  12
NULL
14  5  12
NULL
14  4  12
1
14  32  11
1
14  31  11
1
14  30  11
1
14  29  11
1
14  28  11
1
14  27  11
1
14  26  11
1
14  25  11
1
14  24  11
1
14  23  11
1
14  22  11
1
14  21  11
NULL
14  20  11
NULL
14  19  11
NULL
14  18  11
NULL
14  17  11
NULL
14  16  11
NULL
14  15  11
NULL
14  14  11
NULL
14  13  11
NULL
14  12  11
NULL
14  11  11
NULL
14  10  11
NULL
14  9  11
NULL
14  8  11
1
14  7  11
1
14  6  11
1
14  5  11
1
14  4  11
1
14  23  10
1
14  22  10
1
14  21  10
1
14  20  10
1
14  19  10
NULL
14  18  10
NULL
14  17  10
NULL
14  16  10
NULL
14  15  10
NULL
14  14  10
NULL
14  13  10
NULL
14  12  10
NULL
14  11  10
NULL
14  10  10
NULL
14  9  10
1
14  8  10
1
14  7  10
1
14  22  9
1
14  21  9
1
14  20  9
1
14  19  9
NULL
14  18  9
NULL
14  17  9
NULL
14  16  9
NULL
14  15  9
NULL
14  14  9
NULL
14  13  9
1
14  12  9
1
14  11  9
1
14  10  9
1
14  9  9
1
14  8  9
1
14  7  9
1
14  21  8
5
14  20  8
5
14  19  8
NULL
14  18  8
NULL
14  17  8
NULL
14  16  8
NULL
14  15  8
NULL
14  14  8
NULL
14  13  8
5
14  12  8
1
14  21  7
5
14  20  7
5
14  19  7
5
14  18  7
NULL
14  17  7
NULL
14  16  7
NULL
14  15  7
NULL
14  14  7
5
14  13  7
5
14  12  7
5
14  20  6
5
14  19  6
5
14  18  6
5
14  17  6
5
14  16  6
5
14  15  6
5
14  14  6
5
14  13  6
5
14  19  5
5
14  18  5
5
14  17  5
5
14  16  5
5
14  15  5
5
14  14  5
5
14  17  4
5
14  16  4
5
15  22  27
9
15  21  27
9
15  20  27
9
15  19  27
9
15  18  27
9
15  17  27
9
15  16  27
9
15  15  27
9
15  14  27
9
15  13  27
9
15  12  27
9
15  11  27
9
15  10  27
9
15  9  27
9
15  8  27
9
15  7  27
9
15  6  27
9
15  23  26
9
15  22  26
9
15  21  26
9
15  20  26
9
15  19  26
9
15  18  26
9
15  17  26
9
15  16  26
NULL
15  15  26
NULL
15  14  26
NULL
15  13  26
NULL
15  12  26
NULL
15  11  26
NULL
15  10  26
NULL
15  9  26
NULL
15  8  26
NULL
15  7  26
9
15  6  26
9
15  5  26
9
15  4  26
9
15  3  26
9
15  24  25
9
15  23  25
9
15  22  25
9
15  21  25
9
15  20  25
9
15  19  25
9
15  18  25
NULL
15  17  25
NULL
15  16  25
NULL
15  15  25
NULL
15  14  25
NULL
15  13  25
NULL
15  12  25
NULL
15  11  25
NULL
15  10  25
NULL
15  9  25
NULL
15  8  25
NULL
15  7  25
NULL
15  6  25
NULL
15  5  25
NULL
15  4  25
9
15  3  25
9
15  24  24
9
15  23  24
9
15  22  24
9
15  21  24
9
15  20  24
9
15  19  24
9
15  18  24
NULL
15  17  24
NULL
15  16  24
NULL
15  15  24
NULL
15  14  24
NULL
15  13  24
NULL
15  12  24
NULL
15  11  24
NULL
15  10  24
NULL
15  9  24
NULL
15  8  24
NULL
15  7  24
NULL
15  6  24
NULL
15  5  24
NULL
15  4  24
NULL
15  3  24
9
15  25  23
9
15  24  23
9
15  23  23
9
15  22  23
9
15  21  23
9
15  20  23
9
15  19  23
NULL
15  18  23
NULL
15  17  23
NULL
15  16  23
NULL
15  15  23
NULL
15  14  23
NULL
15  13  23
NULL
15  12  23
NULL
15  11  23
NULL
15  10  23
NULL
15  9  23
NULL
15  8  23
NULL
15  7  23
NULL
15  6  23
NULL
15  5  23
NULL
15  4  23
NULL
15  3  23
9
15  25  22
9
15  24  22
9
15  23  22
9
15  22  22
9
15  21  22
1
15  20  22
1
15  19  22
NULL
15  18  22
NULL
15  17  22
NULL
15  16  22
NULL
15  15  22
NULL
15  14  22
NULL
15  13  22
NULL
15  12  22
NULL
15  11  22
NULL
15  10  22
NULL
15  9  22
NULL
15  8  22
NULL
15  7  22
NULL
15  6  22
NULL
15  5  22
NULL
15  4  22
NULL
15  3  22
9
15  25  21
1
15  24  21
1
15  23  21
1
15  22  21
5
15  21  21
5
15  20  21
5
15  19  21
NULL
15  18  21
NULL
15  17  21
NULL
15  16  21
NULL
15  15  21
NULL
15  14  21
NULL
15  13  21
NULL
15  12  21
NULL
15  11  21
NULL
15  10  21
NULL
15  9  21
NULL
15  8  21
NULL
15  7  21
NULL
15  6  21
NULL
15  5  21
NULL
15  4  21
NULL
15  3  21
1
15  26  20
1
15  25  20
1
15  24  20
1
15  23  20
1
15  22  20
5
15  21  20
5
15  20  20
5
15  19  20
NULL
15  18  20
NULL
15  17  20
NULL
15  16  20
NULL
15  15  20
NULL
15  14  20
NULL
15  13  20
NULL
15  12  20
NULL
15  11  20
NULL
15  10  20
NULL
15  9  20
NULL
15  8  20
NULL
15  7  20
NULL
15  6  20
NULL
15  5  20
NULL
15  4  20
NULL
15  3  20
1
15  26  19
9
15  25  19
1
15  24  19
1
15  23  19
1
15  22  19
9
15  21  19
5
15  20  19
NULL
15  19  19
NULL
15  18  19
NULL
15  17  19
NULL
15  16  19
NULL
15  15  19
NULL
15  14  19
NULL
15  13  19
NULL
15  12  19
NULL
15  11  19
NULL
15  10  19
NULL
15  9  19
NULL
15  8  19
NULL
15  7  19
NULL
15  6  19
NULL
15  5  19
NULL
15  4  19
NULL
15  3  19
1
15  27  18
9
15  26  18
9
15  25  18
9
15  24  18
9
15  23  18
9
15  22  18
9
15  21  18
NULL
15  20  18
NULL
15  19  18
NULL
15  18  18
NULL
15  17  18
NULL
15  16  18
NULL
15  15  18
NULL
15  14  18
NULL
15  13  18
NULL
15  12  18
NULL
15  11  18
NULL
15  10  18
NULL
15  9  18
NULL
15  8  18
NULL
15  7  18
NULL
15  6  18
NULL
15  5  18
NULL
15  4  18
1
15  3  18
1
15  27  17
9
15  26  17
9
15  25  17
9
15  24  17
9
15  23  17
9
15  22  17
9
15  21  17
NULL
15  20  17
NULL
15  19  17
NULL
15  18  17
NULL
15  17  17
NULL
15  16  17
NULL
15  15  17
NULL
15  14  17
NULL
15  13  17
NULL
15  12  17
NULL
15  11  17
NULL
15  10  17
NULL
15  9  17
NULL
15  8  17
NULL
15  7  17
NULL
15  6  17
NULL
15  5  17
NULL
15  4  17
1
15  3  17
1
15  27  16
9
15  26  16
9
15  25  16
9
15  24  16
9
15  23  16
9
15  22  16
NULL
15  21  16
NULL
15  20  16
NULL
15  19  16
NULL
15  18  16
NULL
15  17  16
NULL
15  16  16
NULL
15  15  16
NULL
15  14  16
NULL
15  13  16
NULL
15  12  16
NULL
15  11  16
NULL
15  10  16
NULL
15  9  16
NULL
15  8  16
NULL
15  7  16
NULL
15  6  16
NULL
15  5  16
NULL
15  4  16
9
15  27  15
9
15  26  15
9
15  25  15
9
15  24  15
9
15  23  15
9
15  22  15
9
15  21  15
NULL
15  20  15
NULL
15  19  15
NULL
15  18  15
NULL
15  17  15
NULL
15  16  15
NULL
15  15  15
NULL
15  14  15
NULL
15  13  15
NULL
15  12  15
NULL
15  11  15
NULL
15  10  15
NULL
15  9  15
NULL
15  8  15
NULL
15  7  15
NULL
15  6  15
NULL
15  5  15
NULL
15  4  15
9
15  27  14
9
15  26  14
9
15  25  14
9
15  24  14
9
15  23  14
9
15  22  14
9
15  21  14
NULL
15  20  14
NULL
15  19  14
NULL
15  18  14
NULL
15  17  14
NULL
15  16  14
NULL
15  15  14
NULL
15  14  14
NULL
15  13  14
NULL
15  12  14
NULL
15  11  14
NULL
15  10  14
NULL
15  9  14
NULL
15  8  14
NULL
15  7  14
NULL
15  6  14
NULL
15  5  14
NULL
15  4  14
9
15  3  14
9
15  27  13
1
15  26  13
9
15  25  13
9
15  24  13
1
15  23  13
1
15  22  13
1
15  21  13
NULL
15  20  13
NULL
15  19  13
NULL
15  18  13
NULL
15  17  13
NULL
15  16  13
NULL
15  15  13
NULL
15  14  13
NULL
15  13  13
NULL
15  12  13
NULL
15  11  13
NULL
15  10  13
NULL
15  9  13
NULL
15  8  13
NULL
15  7  13
NULL
15  6  13
NULL
15  5  13
NULL
15  4  13
1
15  27  12
1
15  26  12
1
15  25  12
1
15  24  12
1
15  23  12
1
15  22  12
1
15  21  12
NULL
15  20  12
NULL
15  19  12
NULL
15  18  12
NULL
15  17  12
NULL
15  16  12
NULL
15  15  12
NULL
15  14  12
NULL
15  13  12
NULL
15  12  12
NULL
15  11  12
NULL
15  10  12
NULL
15  9  12
NULL
15  8  12
NULL
15  7  12
NULL
15  6  12
NULL
15  5  12
NULL
15  4  12
1
15  26  11
1
15  25  11
1
15  24  11
1
15  23  11
1
15  22  11
1
15  21  11
1
15  20  11
NULL
15  19  11
NULL
15  18  11
NULL
15  17  11
NULL
15  16  11
NULL
15  15  11
NULL
15  14  11
NULL
15  13  11
NULL
15  12  11
NULL
15  11  11
NULL
15  10  11
NULL
15  9  11
NULL
15  8  11
1
15  7  11
1
15  6  11
1
15  5  11
1
15  4  11
1
15  22  10
1
15  21  10
1
15  20  10
1
15  19  10
1
15  18  10
NULL
15  17  10
NULL
15  16  10
NULL
15  15  10
NULL
15  14  10
NULL
15  13  10
1
15  12  10
1
15  11  10
1
15  10  10
1
15  9  10
1
15  8  10
1
15  20  9
1
15  19  9
1
15  18  9
1
15  17  9
NULL
15  16  9
NULL
15  15  9
1
15  14  9
1
15  13  9
1
15  12  9
1
15  11  9
1
15  10  9
1
15  9  9
1
15  20  8
1
15  19  8
5
15  18  8
5
15  17  8
5
15  16  8
5
15  15  8
5
15  14  8
5
15  13  8
1
15  20  7
5
15  19  7
5
15  18  7
5
15  17  7
5
15  16  7
5
15  15  7
5
15  14  7
5
15  13  7
5
15  19  6
5
15  18  6
5
15  17  6
5
15  16  6
5
15  15  6
5
15  14  6
5
16  17  27
9
16  16  27
9
16  15  27
9
16  14  27
9
16  13  27
9
16  12  27
9
16  11  27
9
16  10  27
9
16  9  27
9
16  8  27
9
16  7  27
9
16  6  27
9
16  19  26
9
16  18  26
9
16  17  26
9
16  16  26
9
16  15  26
9
16  14  26
9
16  13  26
9
16  12  26
9
16  11  26
9
16  10  26
NULL
16  9  26
NULL
16  8  26
NULL
16  7  26
NULL
16  6  26
9
16  5  26
9
16  4  26
9
16  3  26
9
16  19  25
9
16  18  25
9
16  17  25
9
16  16  25
9
16  15  25
9
16  14  25
9
16  13  25
NULL
16  12  25
NULL
16  11  25
NULL
16  10  25
NULL
16  9  25
NULL
16  8  25
NULL
16  7  25
NULL
16  6  25
NULL
16  5  25
NULL
16  4  25
9
16  3  25
9
16  20  24
9
16  19  24
9
16  18  24
9
16  17  24
9
16  16  24
9
16  15  24
9
16  14  24
9
16  13  24
NULL
16  12  24
NULL
16  11  24
NULL
16  10  24
NULL
16  9  24
NULL
16  8  24
NULL
16  7  24
NULL
16  6  24
NULL
16  5  24
NULL
16  4  24
9
16  3  24
9
16  20  23
9
16  19  23
9
16  18  23
9
16  17  23
9
16  16  23
9
16  15  23
9
16  14  23
NULL
16  13  23
NULL
16  12  23
NULL
16  11  23
NULL
16  10  23
NULL
16  9  23
NULL
16  8  23
NULL
16  7  23
NULL
16  6  23
NULL
16  5  23
NULL
16  4  23
9
16  3  23
9
16  20  22
1
16  19  22
1
16  18  22
9
16  17  22
1
16  16  22
1
16  15  22
9
16  14  22
NULL
16  13  22
NULL
16  12  22
NULL
16  11  22
NULL
16  10  22
NULL
16  9  22
NULL
16  8  22
NULL
16  7  22
NULL
16  6  22
NULL
16  5  22
NULL
16  4  22
9
16  3  22
9
16  20  21
5
16  19  21
1
16  18  21
1
16  17  21
1
16  16  21
1
16  15  21
5
16  14  21
NULL
16  13  21
NULL
16  12  21
NULL
16  11  21
NULL
16  10  21
NULL
16  9  21
NULL
16  8  21
NULL
16  7  21
NULL
16  6  21
NULL
16  5  21
NULL
16  4  21
9
16  3  21
1
16  21  20
5
16  20  20
5
16  19  20
1
16  18  20
1
16  17  20
1
16  16  20
1
16  15  20
NULL
16  14  20
NULL
16  13  20
NULL
16  12  20
NULL
16  11  20
NULL
16  10  20
NULL
16  9  20
NULL
16  8  20
NULL
16  7  20
NULL
16  6  20
NULL
16  5  20
NULL
16  4  20
1
16  3  20
1
16  22  19
5
16  21  19
5
16  20  19
1
16  19  19
1
16  18  19
1
16  17  19
1
16  16  19
1
16  15  19
NULL
16  14  19
NULL
16  13  19
NULL
16  12  19
NULL
16  11  19
NULL
16  10  19
NULL
16  9  19
NULL
16  8  19
NULL
16  7  19
NULL
16  6  19
NULL
16  5  19
NULL
16  4  19
1
16  3  19
1
16  22  18
9
16  21  18
9
16  20  18
9
16  19  18
9
16  18  18
9
16  17  18
9
16  16  18
NULL
16  15  18
NULL
16  14  18
NULL
16  13  18
NULL
16  12  18
NULL
16  11  18
NULL
16  10  18
NULL
16  9  18
NULL
16  8  18
NULL
16  7  18
NULL
16  6  18
NULL
16  5  18
NULL
16  4  18
1
16  3  18
1
16  23  17
9
16  22  17
9
16  21  17
9
16  20  17
9
16  19  17
9
16  18  17
9
16  17  17
9
16  16  17
NULL
16  15  17
NULL
16  14  17
NULL
16  13  17
NULL
16  12  17
NULL
16  11  17
NULL
16  10  17
NULL
16  9  17
NULL
16  8  17
NULL
16  7  17
NULL
16  6  17
NULL
16  5  17
NULL
16  4  17
1
16  23  16
9
16  22  16
9
16  21  16
9
16  20  16
9
16  19  16
9
16  18  16
9
16  17  16
9
16  16  16
NULL
16  15  16
NULL
16  14  16
NULL
16  13  16
NULL
16  12  16
NULL
16  11  16
NULL
16  10  16
NULL
16  9  16
NULL
16  8  16
NULL
16  7  16
NULL
16  6  16
NULL
16  5  16
NULL
16  4  16
9
16  23  15
9
16  22  15
9
16  21  15
9
16  20  15
9
16  19  15
9
16  18  15
9
16  17  15
NULL
16  16  15
NULL
16  15  15
NULL
16  14  15
NULL
16  13  15
NULL
16  12  15
NULL
16  11  15
NULL
16  10  15
NULL
16  9  15
NULL
16  8  15
NULL
16  7  15
NULL
16  6  15
NULL
16  5  15
NULL
16  4  15
9
16  23  14
9
16  22  14
1
16  21  14
1
16  20  14
9
16  19  14
9
16  18  14
9
16  17  14
NULL
16  16  14
NULL
16  15  14
NULL
16  14  14
NULL
16  13  14
NULL
16  12  14
NULL
16  11  14
NULL
16  10  14
NULL
16  9  14
NULL
16  8  14
NULL
16  7  14
NULL
16  6  14
NULL
16  5  14
NULL
16  4  14
9
16  23  13
1
16  22  13
1
16  21  13
1
16  20  13
1
16  19  13
1
16  18  13
1
16  17  13
NULL
16  16  13
NULL
16  15  13
NULL
16  14  13
NULL
16  13  13
NULL
16  12  13
NULL
16  11  13
NULL
16  10  13
NULL
16  9  13
NULL
16  8  13
NULL
16  7  13
NULL
16  6  13
NULL
16  5  13
NULL
16  4  13
9
16  22  12
1
16  21  12
1
16  20  12
1
16  19  12
1
16  18  12
1
16  17  12
NULL
16  16  12
NULL
16  15  12
NULL
16  14  12
NULL
16  13  12
NULL
16  12  12
NULL
16  11  12
NULL
16  10  12
NULL
16  9  12
NULL
16  8  12
NULL
16  7  12
NULL
16  6  12
NULL
16  5  12
1
16  4  12
1
16  22  11
1
16  21  11
1
16  20  11
1
16  19  11
1
16  18  11
1
16  17  11
NULL
16  16  11
NULL
16  15  11
NULL
16  14  11
NULL
16  13  11
NULL
16  12  11
NULL
16  11  11
NULL
16  10  11
NULL
16  9  11
1
16  8  11
1
16  7  11
1
16  6  11
1
16  5  11
1
16  4  11
1
16  21  10
1
16  20  10
1
16  19  10
1
16  18  10
1
16  17  10
1
16  16  10
1
16  15  10
1
16  14  10
1
16  13  10
1
16  12  10
1
16  11  10
1
16  10  10
1
16  9  10
1
16  8  10
1
16  19  9
1
16  18  9
1
16  17  9
1
16  16  9
1
16  15  9
1
16  14  9
1
16  13  9
1
16  11  9
1
16  10  9
1
16  18  8
5
16  17  8
5
16  16  8
5
16  15  8
5
16  17  7
5
16  16  7
5
17  11  27
9
17  10  27
9
17  9  27
9
17  8  27
9
17  7  27
9
17  6  27
9
17  14  26
9
17  13  26
9
17  12  26
9
17  11  26
9
17  10  26
9
17  9  26
9
17  8  26
9
17  7  26
9
17  6  26
9
17  5  26
9
17  4  26
9
17  14  25
9
17  13  25
9
17  12  25
9
17  11  25
9
17  10  25
9
17  9  25
9
17  8  25
9
17  7  25
9
17  6  25
NULL
17  5  25
9
17  4  25
9
17  15  24
9
17  14  24
9
17  13  24
9
17  12  24
9
17  11  24
9
17  10  24
9
17  9  24
9
17  8  24
NULL
17  7  24
NULL
17  6  24
NULL
17  5  24
9
17  4  24
9
17  15  23
9
17  14  23
9
17  13  23
9
17  12  23
9
17  11  23
9
17  10  23
9
17  9  23
NULL
17  8  23
NULL
17  7  23
NULL
17  6  23
NULL
17  5  23
9
17  4  23
9
17  15  22
9
17  14  22
5
17  13  22
9
17  12  22
9
17  11  22
5
17  10  22
1
17  9  22
NULL
17  8  22
NULL
17  7  22
NULL
17  6  22
NULL
17  5  22
9
17  4  22
9
17  16  21
1
17  15  21
5
17  14  21
5
17  13  21
5
17  12  21
5
17  11  21
5
17  10  21
1
17  9  21
NULL
17  8  21
NULL
17  7  21
NULL
17  6  21
NULL
17  5  21
1
17  4  21
9
17  16  20
1
17  15  20
1
17  14  20
5
17  13  20
5
17  12  20
5
17  11  20
5
17  10  20
NULL
17  9  20
NULL
17  8  20
NULL
17  7  20
NULL
17  6  20
NULL
17  5  20
1
17  4  20
1
17  17  19
1
17  16  19
1
17  15  19
1
17  14  19
1
17  13  19
5
17  12  19
5
17  11  19
NULL
17  10  19
NULL
17  9  19
NULL
17  8  19
NULL
17  7  19
NULL
17  6  19
NULL
17  5  19
NULL
17  4  19
1
17  17  18
9
17  16  18
9
17  15  18
9
17  14  18
9
17  13  18
1
17  12  18
5
17  11  18
NULL
17  10  18
NULL
17  9  18
NULL
17  8  18
NULL
17  7  18
NULL
17  6  18
NULL
17  5  18
NULL
17  4  18
1
17  17  17
9
17  16  17
9
17  15  17
9
17  14  17
9
17  13  17
9
17  12  17
NULL
17  11  17
NULL
17  10  17
NULL
17  9  17
NULL
17  8  17
NULL
17  7  17
NULL
17  6  17
NULL
17  5  17
NULL
17  4  17
1
17  18  16
9
17  17  16
9
17  16  16
9
17  15  16
9
17  14  16
9
17  13  16
9
17  12  16
NULL
17  11  16
NULL
17  10  16
NULL
17  9  16
NULL
17  8  16
NULL
17  7  16
NULL
17  6  16
NULL
17  5  16
NULL
17  4  16
9
17  18  15
9
17  17  15
9
17  16  15
9
17  15  15
9
17  14  15
9
17  13  15
9
17  12  15
NULL
17  11  15
NULL
17  10  15
NULL
17  9  15
NULL
17  8  15
NULL
17  7  15
NULL
17  6  15
NULL
17  5  15
NULL
17  4  15
9
17  18  14
9
17  17  14
9
17  16  14
9
17  15  14
9
17  14  14
9
17  13  14
NULL
17  12  14
NULL
17  11  14
NULL
17  10  14
NULL
17  9  14
NULL
17  8  14
NULL
17  7  14
NULL
17  6  14
NULL
17  5  14
NULL
17  4  14
9
17  18  13
1
17  17  13
9
17  16  13
1
17  15  13
1
17  14  13
1
17  13  13
NULL
17  12  13
NULL
17  11  13
NULL
17  10  13
NULL
17  9  13
NULL
17  8  13
NULL
17  7  13
NULL
17  6  13
NULL
17  5  13
NULL
17  4  13
1
17  18  12
1
17  17  12
1
17  16  12
1
17  15  12
1
17  14  12
1
17  13  12
1
17  12  12
NULL
17  11  12
NULL
17  10  12
NULL
17  9  12
NULL
17  8  12
NULL
17  7  12
NULL
17  6  12
NULL
17  5  12
1
17  4  12
1
17  18  11
1
17  17  11
1
17  16  11
1
17  15  11
1
17  14  11
1
17  13  11
1
17  12  11
1
17  11  11
1
17  10  11
1
17  9  11
1
17  8  11
1
17  7  11
1
17  6  11
1
17  5  11
1
17  18  10
1
17  17  10
1
17  16  10
1
17  15  10
1
17  14  10
1
17  13  10
1
17  12  10
1
17  11  10
1
17  10  10
1
17  9  10
1
18  7  26
9
18  6  26
9
18  5  26
9
18  9  25
9
18  8  25
9
18  7  25
9
18  6  25
9
18  5  25
9
18  10  24
9
18  9  24
9
18  8  24
9
18  7  24
9
18  6  24
9
18  5  24
9
18  10  23
9
18  9  23
9
18  8  23
9
18  7  23
9
18  6  23
9
18  5  23
9
18  10  22
1
18  9  22
9
18  8  22
1
18  7  22
9
18  6  22
1
18  5  22
9
18  11  21
5
18  10  21
1
18  9  21
1
18  8  21
1
18  7  21
1
18  6  21
1
18  5  21
1
18  12  20
5
18  11  20
5
18  10  20
5
18  9  20
1
18  8  20
1
18  7  20
1
18  6  20
1
18  5  20
1
18  4  20
1
18  12  19
5
18  11  19
1
18  10  19
1
18  9  19
1
18  8  19
1
18  7  19
1
18  6  19
1
18  5  19
1
18  4  19
1
18  13  18
1
18  12  18
1
18  11  18
1
18  10  18
1
18  9  18
1
18  8  18
1
18  7  18
1
18  6  18
1
18  5  18
1
18  4  18
1
18  13  17
9
18  12  17
9
18  11  17
9
18  10  17
9
18  9  17
9
18  8  17
9
18  7  17
1
18  6  17
9
18  5  17
9
18  4  17
1
18  13  16
9
18  12  16
9
18  11  16
9
18  10  16
9
18  9  16
9
18  8  16
9
18  7  16
NULL
18  6  16
9
18  5  16
9
18  4  16
9
18  14  15
9
18  13  15
9
18  12  15
9
18  11  15
9
18  10  15
9
18  9  15
9
18  8  15
NULL
18  7  15
NULL
18  6  15
9
18  5  15
9
18  4  15
9
18  14  14
9
18  13  14
9
18  12  14
9
18  11  14
9
18  10  14
9
18  9  14
9
18  8  14
NULL
18  7  14
NULL
18  6  14
NULL
18  5  14
9
18  4  14
9
18  14  13
1
18  13  13
9
18  12  13
1
18  11  13
1
18  10  13
1
18  9  13
1
18  8  13
NULL
18  7  13
NULL
18  6  13
NULL
18  5  13
1
18  4  13
1
18  14  12
1
18  13  12
1
18  12  12
1
18  11  12
1
18  10  12
1
18  9  12
1
18  8  12
NULL
18  7  12
NULL
18  6  12
1
18  5  12
1
18  4  12
1
18  13  11
1
18  12  11
1
18  11  11
1
18  10  11
1
18  9  11
1
18  8  11
1
18  7  11
1
18  6  11
1
18  5  11
1
19  8  17
9
19  7  17
9
19  6  17
9
19  9  16
9
19  8  16
9
19  7  16
9
19  6  16
9
19  9  15
9
19  8  15
9
19  7  15
9
19  6  15
9
19  5  15
9
19  9  14
9
19  8  14
9
19  7  14
9
19  6  14
9
19  5  14
9
19  9  13
1
19  8  13
1
19  7  13
1
19  6  13
1
19  5  13
1
19  9  12
1
19  8  12
1
19  7  12
1
19  6  12
1
19  5  12
1
19  9  11
1
19  8  11
1
19  7  11
1
19  6  11
1
