0  12
1  12
2  12
3  12
4  12
5  12
6  12
7  12
8  12
9  12
10  12
11  12
12  12
13  12
14  12
15  12
16  12
17  11
18  11
19  10
20  10
21  10
22  10
23  10
24  10
25  10
26  10
27  10
28  10
29  10
30  10
31  10
32  10
33  10
34  10
35  10
36  10
37  10
38  10
39  10
40  10
41  10
42  10
43  10
44  10
45  10
46  10
47  10
48  10
49  10
50  10
51  10
52  10
53  10
54  10
55  10
56  10
57  10
58  10
59  10
60  10
61  10
62  10
63  10
64  10
65  10
66  11
67  12
68  12
69  12
70  11
71  11
72  11
73  11
74  11
75  11
76  11
77  11
78  11
79  11
80  11
81  12
82  12
83  12
84  13
85  13
86  13
87  13
88  13
89  13
90  13
91  13
92  13
93  13
94  13
95  13
96  13
97  13
98  13
99  13
100  13
101  13
102  13
103  14
104  15
105  15
106  16
107  15
108  15
109  14
110  14
111  14
112  14
113  14
114  14
115  14
116  14
117  14
118  14
119  14
120  14
121  15
122  15
123  15
124  15
125  15
126  15
127  15
128  15
129  15
130  15
131  15
132  15
133  15
134  15
135  16
136  16
137  16
138  16
139  16
140  16
141  16
142  16
143  17
144  17
145  17
146  18
147  18
148  18
149  19
150  19
151  19
152  19
153  19
154  20
155  20
156  21
157  22
158  22
159  22
160  22
161  22
162  21
163  21
164  21
165  21
166  21
167  21
168  21
169  21
170  21
171  22
172  22
173  22
174  23
175  23
176  23
177  23
178  23
179  23
180  23
181  23
182  23
183  23
184  23
185  23
186  23
187  23
188  24
189  24
190  24
191  24
192  24
193  24
194  24
195  23
196  24
197  24
198  24
199  23
200  23
201  23
202  23
203  23
204  24
205  24
206  24
207  24
208  24
209  23
210  23
211  23
212  22
213  20
214  20
215  19
216  19
217  19
218  19
219  19
220  19
221  19
222  19
223  19
224  19
225  19
226  19
227  19
228  18
229  18
230  18
231  18
232  18
233  18
234  18
235  18
236  18
237  18
238  18
239  17
240  16
241  16
242  16
243  16
244  16
245  16
246  15
247  15
248  15
249  15
250  15
251  15
252  15
253  15
254  15
255  15
256  15
257  16
258  16
259  16
260  16
261  17
262  16
263  16
264  16
265  16
266  15
267  15
268  15
269  15
270  15
271  15
272  15
273  15
274  15
275  15
276  15
277  15
278  15
279  15
280  15
281  15
282  15
283  15
284  15
285  14
286  14
287  14
288  14
289  13
290  13
291  13
292  13
293  13
294  13
295  13
296  13
297  13
298  13
299  12
300  12
301  12
302  12
303  11
304  11
305  11
306  11
307  11
308  11
309  11
310  11
311  11
312  11
313  11
314  11
315  11
316  11
317  11
318  11
319  11
320  11
321  11
322  11
323  11
324  11
325  11
326  11
327  11
328  11
329  11
330  10
331  10
332  10
333  10
334  10
335  10
336  10
337  10
338  10
339  10
340  10
341  10
342  10
343  10
344  10
345  10
346  10
347  11
348  11
349  11
350  11
351  12
352  12
353  12
354  12
355  12
356  12
357  12
358  12
359  12
360  12
