0  4330
1  4317
2  4317
3  4317
4  4314
5  4300
6  4294
7  4310
8  4296
9  4308
10  4303
11  4305
12  4315
13  4304
14  4308
15  4310
16  4325
17  4342
18  4311
19  4306
20  4315
21  4304
22  4313
23  4318
24  4330
25  4339
26  4340
27  4350
28  4338
29  4336
30  4344
31  4358
32  4337
33  4345
34  4333
35  4338
36  4349
37  4347
38  4333
39  4353
40  4347
41  4338
42  4325
43  4311
44  4317
45  4338
46  4345
47  4335
48  4321
49  4338
50  4357
51  4365
52  4366
53  4362
54  4342
55  4323
56  4326
57  4321
58  4325
59  4340
60  4334
61  4317
62  4305
63  4322
64  4306
65  4313
66  4317
67  4332
68  4317
69  4300
70  4299
71  4299
72  4314
73  4318
74  4318
75  4330
76  4341
77  4346
78  4346
79  4328
80  4322
81  4325
82  4316
83  4306
84  4301
85  4315
86  4307
87  4307
88  4305
89  4308
