0  4330
1  4330
2  4321
3  4320
4  4328
5  4325
6  4323
7  4315
8  4304
9  4315
10  4320
11  4304
12  4305
13  4316
14  4319
15  4314
16  4314
17  4295
18  4306
19  4310
20  4337
21  4331
22  4334
23  4324
24  4316
25  4313
26  4314
27  4325
28  4331
29  4341
30  4337
31  4342
32  4360
33  4344
34  4339
35  4334
36  4346
37  4353
38  4349
39  4317
40  4315
41  4317
42  4316
43  4321
44  4315
45  4330
46  4334
47  4354
48  4350
49  4347
50  4340
51  4350
52  4356
53  4365
54  4356
55  4347
56  4331
57  4330
58  4347
59  4354
60  4337
61  4334
62  4301
63  4307
64  4323
65  4314
66  4316
67  4310
68  4317
69  4312
70  4303
71  4297
72  4295
73  4315
74  4323
75  4317
76  4299
77  4291
78  4283
79  4282
80  4292
81  4308
82  4300
83  4315
84  4291
85  4299
86  4312
87  4315
88  4309
89  4316
90  4332
91  4318
92  4328
93  4322
94  4318
95  4309
96  4303
97  4303
98  4310
99  4311
100  4318
101  4306
102  4292
103  4301
104  4316
105  4325
106  4331
107  4317
108  4319
109  4330
110  4344
111  4340
112  4320
113  4296
114  4282
115  4282
116  4287
117  4304
118  4315
119  4321
120  4342
121  4338
122  4339
123  4334
124  4332
125  4351
126  4338
127  4334
128  4323
129  4302
130  4305
131  4315
132  4327
133  4318
134  4326
135  4332
136  4349
137  4343
138  4333
139  4330
140  4327
141  4338
142  4345
143  4338
144  4322
145  4317
146  4315
147  4319
148  4331
149  4332
150  4328
151  4319
152  4313
153  4317
154  4319
155  4330
156  4325
157  4315
158  4307
159  4307
160  4315
161  4328
162  4333
163  4351
164  4347
165  4316
166  4303
167  4286
168  4292
169  4277
170  4285
171  4293
172  4287
173  4284
174  4298
175  4306
176  4305
177  4311
178  4311
179  4315
180  4317
181  4317
182  4334
183  4323
184  4319
185  4302
186  4306
187  4317
188  4309
189  4314
190  4311
191  4327
192  4316
193  4317
194  4320
195  4324
196  4330
197  4349
198  4349
199  4359
200  4349
201  4344
202  4326
203  4308
204  4299
205  4290
206  4303
207  4315
208  4298
209  4298
210  4297
211  4309
212  4338
213  4340
214  4330
215  4345
216  4338
217  4326
218  4328
219  4336
220  4332
221  4334
222  4324
223  4336
224  4353
225  4336
226  4321
227  4318
228  4329
229  4330
230  4355
231  4344
232  4352
233  4335
234  4324
235  4320
236  4332
237  4341
238  4336
239  4315
240  4308
241  4306
242  4308
243  4319
244  4331
245  4350
246  4346
247  4333
248  4314
249  4311
250  4314
251  4321
252  4335
253  4343
254  4343
255  4330
256  4328
257  4301
258  4318
259  4306
260  4303
261  4299
262  4295
263  4294
264  4298
265  4305
266  4319
267  4319
268  4318
269  4310
270  4313
271  4321
272  4323
273  4322
274  4322
275  4311
276  4293
277  4300
278  4310
279  4327
280  4320
281  4334
282  4342
283  4323
284  4317
285  4314
286  4327
287  4332
288  4332
289  4342
290  4343
291  4330
292  4329
293  4341
294  4335
295  4332
296  4317
297  4316
298  4308
299  4313
300  4317
301  4322
302  4327
303  4318
304  4341
305  4341
306  4336
307  4344
308  4356
309  4332
310  4334
311  4333
312  4344
313  4334
314  4336
315  4349
316  4350
317  4336
318  4307
319  4321
320  4320
321  4337
322  4351
323  4346
324  4349
325  4332
326  4334
327  4330
328  4334
329  4325
330  4330
331  4317
332  4299
333  4297
334  4302
335  4312
336  4330
337  4337
338  4332
339  4314
340  4317
341  4311
342  4304
343  4315
344  4326
345  4320
346  4323
347  4314
348  4318
349  4321
350  4304
351  4302
352  4306
353  4315
354  4310
355  4298
356  4318
357  4321
358  4315
359  4340
360  4330
