0  271
1  272
2  272
3  270
4  273
5  270
6  270
7  270
8  272
9  273
10  271
11  266
12  263
13  266
14  268
15  265
16  264
17  262
18  264
19  264
20  264
21  268
22  267
23  269
24  268
25  268
26  269
27  267
28  270
29  274
30  272
31  271
32  271
33  268
34  269
35  267
36  268
37  269
38  270
39  267
40  267
41  268
42  268
43  269
44  268
45  270
46  267
47  266
48  267
49  267
50  267
51  266
52  270
53  270
54  270
55  270
56  272
57  275
58  277
59  279
60  277
61  274
62  271
63  270
64  271
65  268
66  269
67  269
68  272
69  272
70  271
71  271
72  272
73  274
74  270
75  273
76  271
77  272
78  271
79  271
80  270
81  269
82  265
83  265
84  267
85  271
86  268
87  268
88  267
89  269
90  270
91  264
92  270
93  273
94  276
95  272
96  271
97  268
98  266
99  267
100  264
101  260
102  263
103  264
104  267
105  265
106  268
107  265
108  267
109  267
110  265
111  266
112  269
113  267
114  266
115  269
116  267
117  265
118  269
119  274
120  275
121  277
122  275
123  274
124  273
125  271
126  269
127  270
128  269
129  266
130  267
131  268
132  270
133  273
134  272
135  272
136  268
137  266
138  263
139  260
140  261
141  262
142  265
143  268
144  269
145  268
146  271
147  273
148  271
149  271
150  272
151  265
152  263
153  262
154  261
155  261
156  263
157  262
158  261
159  265
160  265
161  268
162  267
163  267
164  266
165  268
166  268
167  267
168  268
169  270
170  270
171  268
172  264
173  266
174  270
175  268
176  266
177  261
178  262
179  262
180  265
181  264
182  269
183  262
184  261
185  257
186  256
187  257
188  259
189  260
190  262
191  264
192  264
193  266
194  269
195  271
196  274
197  274
198  274
199  275
200  274
201  276
202  274
203  270
204  266
205  265
206  262
207  263
208  264
209  269
210  270
211  273
212  273
213  271
214  273
215  277
216  275
217  272
218  270
219  268
220  271
221  268
222  266
223  266
224  270
225  266
226  265
227  265
228  265
229  267
230  267
231  267
232  270
233  269
234  270
235  268
236  271
237  269
238  270
239  268
240  272
241  273
242  273
243  275
244  275
245  277
246  277
247  271
248  265
249  267
250  267
251  267
252  267
253  266
254  268
255  267
256  266
257  261
258  262
259  262
260  265
261  265
262  265
263  267
264  270
265  274
266  276
267  276
268  276
269  276
270  281
271  284
272  282
273  281
274  280
275  278
276  273
277  274
278  275
279  274
280  278
281  276
282  275
283  273
284  274
285  277
286  281
287  284
288  280
289  280
290  276
291  277
292  278
293  279
294  277
295  275
296  275
297  273
298  271
299  271
300  273
301  272
302  269
303  266
304  264
305  265
306  266
307  269
308  267
309  268
310  268
311  266
312  267
313  266
314  264
315  266
316  267
317  265
318  265
319  263
320  265
321  264
322  267
323  267
324  266
325  268
326  270
327  269
328  269
329  269
330  270
331  267
332  267
333  268
334  267
335  269
336  272
337  271
338  273
339  274
340  274
341  272
342  271
343  274
344  274
345  273
346  272
347  271
348  270
349  270
350  270
351  272
352  271
353  272
354  273
355  271
356  272
357  273
358  272
359  271
360  271
