0  4152
1  4159
2  4149
3  4147
4  4147
5  4128
6  4128
7  4130
8  4142
9  4142
10  4142
11  4154
12  4156
13  4139
14  4146
15  4145
16  4144
17  4146
18  4146
19  4138
20  4145
21  4158
22  4155
23  4176
24  4171
25  4140
26  4136
27  4134
28  4140
29  4151
30  4159
31  4154
32  4136
33  4121
34  4124
35  4121
36  4132
37  4135
38  4131
39  4124
40  4120
41  4112
42  4122
43  4114
44  4118
45  4137
46  4158
47  4150
48  4135
49  4134
50  4107
51  4117
52  4119
53  4112
54  4120
55  4126
56  4118
57  4123
58  4133
59  4122
60  4121
61  4131
62  4129
63  4122
64  4134
65  4138
66  4128
67  4142
68  4153
69  4163
70  4153
71  4165
72  4170
73  4151
74  4153
75  4148
76  4145
77  4146
78  4150
79  4144
80  4139
81  4135
82  4120
83  4126
84  4143
85  4142
86  4153
87  4154
88  4149
89  4155
90  4152
91  4159
92  4149
93  4147
94  4147
95  4128
96  4128
97  4130
98  4142
99  4142
100  4142
101  4154
102  4156
103  4139
104  4146
105  4145
106  4144
107  4146
108  4146
109  4138
110  4145
111  4158
112  4155
113  4176
114  4171
115  4140
116  4136
117  4134
118  4140
119  4151
120  4159
121  4154
122  4136
123  4121
124  4124
125  4121
126  4132
127  4135
128  4131
129  4124
130  4120
131  4112
132  4122
133  4114
134  4118
135  4137
136  4158
137  4150
138  4135
139  4134
140  4107
141  4117
142  4119
143  4112
144  4120
145  4126
146  4118
147  4123
148  4133
149  4122
150  4121
151  4131
152  4129
153  4122
154  4134
155  4138
156  4128
157  4142
158  4153
159  4163
160  4153
161  4165
162  4170
163  4151
164  4153
165  4148
166  4145
167  4146
168  4150
169  4144
170  4139
171  4135
172  4120
173  4126
174  4143
175  4142
176  4153
177  4154
178  4149
179  4155
180  4152
181  4159
182  4149
183  4147
184  4147
185  4128
186  4128
187  4130
188  4142
189  4142
190  4142
191  4154
192  4156
193  4139
194  4146
195  4145
196  4144
197  4146
198  4146
199  4138
200  4145
201  4158
202  4155
203  4176
204  4171
205  4140
206  4136
207  4134
208  4140
209  4151
210  4159
211  4154
212  4136
213  4121
214  4124
215  4121
216  4132
217  4135
218  4131
219  4124
220  4120
221  4112
222  4122
223  4114
224  4118
225  4137
226  4158
227  4150
228  4135
229  4134
230  4107
231  4117
232  4119
233  4112
234  4120
235  4126
236  4118
237  4123
238  4133
239  4122
240  4121
241  4131
242  4129
243  4122
244  4134
245  4138
246  4128
247  4142
248  4153
249  4163
250  4153
251  4165
252  4170
253  4151
254  4153
255  4148
256  4145
257  4146
258  4150
259  4144
260  4139
261  4135
262  4120
263  4126
264  4143
265  4142
266  4153
267  4154
268  4149
269  4155
270  4152
271  4159
272  4149
273  4147
274  4147
275  4128
276  4128
277  4130
278  4142
279  4142
280  4142
281  4154
282  4156
283  4139
284  4146
285  4145
286  4144
287  4146
288  4146
289  4138
290  4145
291  4158
292  4155
293  4176
294  4171
295  4140
296  4136
297  4134
298  4140
299  4151
300  4159
301  4154
302  4136
303  4121
304  4124
305  4121
306  4132
307  4135
308  4131
309  4124
310  4120
311  4112
312  4122
313  4114
314  4118
315  4137
316  4158
317  4150
318  4135
319  4134
320  4107
321  4117
322  4119
323  4112
324  4120
325  4126
326  4118
327  4123
328  4133
329  4122
330  4121
331  4131
332  4129
333  4122
334  4134
335  4138
336  4128
337  4142
338  4153
339  4163
340  4153
341  4165
342  4170
343  4151
344  4153
345  4148
346  4145
347  4146
348  4150
349  4144
350  4139
351  4135
352  4120
353  4126
354  4143
355  4142
356  4153
357  4154
358  4149
359  4155
360  4152
