0  4330
0  4317
0  4317
0  4317
0  4314
0  4300
0  4294
0  4310
0  4296
0  4308
0  4303
0  4305
0  4315
0  4304
0  4308
0  4310
0  4325
0  4342
0  4311
0  4306
0  4315
0  4304
0  4313
0  4318
0  4330
0  4339
0  4340
0  4350
0  4338
0  4336
0  4344
0  4358
0  4337
0  4345
0  4333
0  4338
0  4349
0  4347
0  4333
0  4353
0  4347
0  4338
0  4325
0  4311
0  4317
0  4338
0  4345
0  4335
0  4321
0  4338
0  4357
0  4365
0  4366
0  4362
0  4342
0  4323
0  4326
0  4321
0  4325
0  4340
0  4334
0  4317
0  4305
0  4322
0  4306
0  4313
0  4317
0  4332
0  4317
0  4300
0  4299
0  4299
0  4314
0  4318
0  4318
0  4330
0  4341
0  4346
0  4346
0  4328
0  4322
0  4325
0  4316
0  4306
0  4301
0  4315
0  4307
0  4307
0  4305
0  4308
0  4330
0  4317
0  4317
0  4317
0  4314
0  4300
0  4294
0  4310
0  4296
0  4308
0  4303
0  4305
0  4315
0  4304
0  4308
0  4310
0  4325
0  4342
0  4311
0  4306
0  4315
0  4304
0  4313
0  4318
0  4330
0  4339
0  4340
0  4350
0  4338
0  4336
0  4344
0  4358
0  4337
0  4345
0  4333
0  4338
0  4349
0  4347
0  4333
0  4353
0  4347
0  4338
0  4325
0  4311
0  4317
0  4338
0  4345
0  4335
0  4321
0  4338
0  4357
0  4365
0  4366
0  4362
0  4342
0  4323
0  4326
0  4321
0  4325
0  4340
0  4334
0  4317
0  4305
0  4322
0  4306
0  4313
0  4317
0  4332
0  4317
0  4300
0  4299
0  4299
0  4314
0  4318
0  4318
0  4330
0  4341
0  4346
0  4346
0  4328
0  4322
0  4325
0  4316
0  4306
0  4301
0  4315
0  4307
0  4307
0  4305
0  4308
