0  0.7402756
1  0.7387221
2  0.7411922
3  0.7388836
4  0.735766
5  0.7448571
6  0.7456464
7  0.7445055
8  0.7413644
9  0.7360981
10  0.7458972
11  0.738732
12  0.7465941
13  0.7395146
14  0.7420329
15  0.7457448
16  0.7396321
17  0.7462003
18  0.7409013
19  0.7470676
20  0.7434025
21  0.7394306
22  0.7400484
23  0.7409084
24  0.7405631
25  0.7405956
26  0.7390317
27  0.7415208
28  0.7449812
29  0.7482796
30  0.7455427
31  0.7458622
32  0.7442053
33  0.7416929
34  0.7410883
35  0.7417877
36  0.7422782
37  0.7432039
38  0.7459716
39  0.7436131
40  0.7387977
41  0.7404728
42  0.7387189
43  0.7413834
44  0.7379694
45  0.7417613
46  0.7380727
47  0.7373217
48  0.7386364
49  0.7369349
50  0.7400383
51  0.7400207
52  0.7428334
53  0.7464003
54  0.7473277
55  0.7471255
56  0.7452633
57  0.7398994
58  0.7415573
59  0.7423551
60  0.7438819
61  0.7450448
62  0.7461681
63  0.7466629
64  0.7458186
65  0.7414042
66  0.73955
67  0.7435979
68  0.7444054
69  0.7439142
70  0.7376202
71  0.738359
72  0.7357463
73  0.7391793
74  0.7394703
75  0.7432757
76  0.7371406
77  0.73776
78  0.7402738
79  0.746884
80  0.7505552
81  0.7477785
82  0.7501989
83  0.7511501
84  0.7553234
85  0.7477453
86  0.7423858
87  0.7432143
88  0.7410488
89  0.739386
