0  0.7443939
1  0.7370142
2  0.7341805
3  0.7283232
4  0.7325148
5  0.7372188
6  0.7375032
7  0.740456
8  0.7352302
9  0.7321975
10  0.7303152
11  0.7382202
12  0.7378879
13  0.7367545
14  0.7391542
15  0.7318308
16  0.732788
17  0.7331499
18  0.7418888
19  0.7385472
20  0.7390495
21  0.7434327
22  0.7429537
23  0.7390972
24  0.7450367
25  0.7357796
26  0.73719
27  0.7367614
28  0.7370886
29  0.737747
30  0.7360061
31  0.7411168
32  0.7388111
33  0.733947
34  0.7368321
35  0.7357599
36  0.7344022
37  0.7371675
38  0.7349031
39  0.7357777
40  0.7386053
41  0.7336269
42  0.7381383
43  0.7306051
44  0.7355113
45  0.7336198
46  0.73342
47  0.7291926
48  0.7364083
49  0.7354493
50  0.7387999
51  0.7367439
52  0.7348372
53  0.7361904
54  0.7350932
55  0.7309476
56  0.7353315
57  0.7367795
58  0.7339218
59  0.7459646
60  0.7388673
61  0.7369062
62  0.7403481
63  0.7375031
64  0.7387195
65  0.7347406
66  0.7461558
67  0.7420388
68  0.7485509
69  0.7434376
70  0.7422032
71  0.7377779
72  0.7411658
73  0.7329373
74  0.7361041
75  0.7322961
76  0.7379467
77  0.738227
78  0.7379217
79  0.7398545
80  0.7337067
81  0.7367293
82  0.7381226
83  0.7402464
84  0.7362525
85  0.7326185
86  0.7322257
87  0.7262997
88  0.7361218
89  0.7396815
